fitness of population :
1000000
15.6834640022741
10.4307783361134
5.74543033090147
3.15437067622066
1.81300130814382
0.688307977754084
0.374935268464538
0.270538788505831
0.264662124335964
0.104988121613007
0.0831877561198645
0.0447980680944164
0.0439272282623024
0.0438876329883184
0.0438867628307203
0.0438867519476006
0.0438867516178126
0.0438867516122837
0.0438867516121855
0.00132940672154598
9.41827302037623E-06
7.90926457661101E-08
2.72693458924778E-10
1.81883486050083E-11
3.87476717378377E-13
1.01785246897634E-14
7.123190925995E-15
7.05213665241899E-15
6.98108237884298E-15
6.98108237884298E-15
6.98108237884298E-15
6.91002810526697E-15
6.83897383169096E-15
6.55475673738692E-15
6.48370246381091E-15
6.4126481902349E-15
6.4126481902349E-15
6.4126481902349E-15
6.4126481902349E-15
6.4126481902349E-15
6.4126481902349E-15
6.4126481902349E-15
6.4126481902349E-15
6.4126481902349E-15
6.27053964308288E-15
6.19948536950687E-15
6.12843109593086E-15
6.12843109593086E-15
6.12843109593086E-15
6.12843109593086E-15
6.05737682235485E-15
5.98632254877884E-15
5.98632254877884E-15
5.98632254877884E-15
5.98632254877884E-15
5.98632254877884E-15
5.98632254877884E-15
5.91526827520283E-15
5.84421400162682E-15
5.84421400162682E-15
5.84421400162682E-15
5.84421400162682E-15
5.84421400162682E-15
5.84421400162682E-15
5.84421400162682E-15
5.84421400162682E-15
5.77315972805081E-15
5.77315972805081E-15
5.77315972805081E-15
5.77315972805081E-15
5.77315972805081E-15
5.77315972805081E-15
5.77315972805081E-15
5.7021054544748E-15
5.63105118089879E-15
5.55999690732278E-15
5.48894263374677E-15
5.48894263374677E-15
5.48894263374677E-15
5.48894263374677E-15
5.41788836017076E-15
5.41788836017076E-15
5.41788836017076E-15
5.41788836017076E-15
5.41788836017076E-15
5.34683408659475E-15
5.34683408659475E-15
5.34683408659475E-15
5.34683408659475E-15
5.34683408659475E-15
5.34683408659475E-15
5.34683408659475E-15
5.34683408659475E-15
5.34683408659475E-15
5.27577981301874E-15
5.27577981301874E-15
5.27577981301874E-15
5.20472553944273E-15
5.20472553944273E-15
5.13367126586672E-15
5.13367126586672E-15
5.13367126586672E-15
5.06261699229071E-15
5.06261699229071E-15
5.06261699229071E-15
5.06261699229071E-15
5.06261699229071E-15
5.06261699229071E-15
5.06261699229071E-15
5.06261699229071E-15
5.06261699229071E-15
5.06261699229071E-15
5.06261699229071E-15
5.06261699229071E-15
4.9915627187147E-15
4.9915627187147E-15
4.9915627187147E-15
4.9915627187147E-15
4.9915627187147E-15
4.9915627187147E-15
4.9915627187147E-15
4.9915627187147E-15
4.9915627187147E-15
4.9915627187147E-15
4.9915627187147E-15
4.9915627187147E-15
4.9915627187147E-15
4.9915627187147E-15
4.9915627187147E-15
4.9915627187147E-15
4.9915627187147E-15
4.9915627187147E-15
4.9915627187147E-15
4.9915627187147E-15
4.9915627187147E-15
4.92050844513869E-15
4.92050844513869E-15
4.92050844513869E-15
4.84945417156268E-15
4.84945417156268E-15
4.84945417156268E-15
4.84945417156268E-15
4.84945417156268E-15
4.84945417156268E-15
4.84945417156268E-15
4.84945417156268E-15
4.84945417156268E-15
4.84945417156268E-15
4.84945417156268E-15
4.84945417156268E-15
4.84945417156268E-15
4.84945417156268E-15
4.84945417156268E-15
4.84945417156268E-15
4.84945417156268E-15
4.84945417156268E-15
4.84945417156268E-15
4.84945417156268E-15
4.84945417156268E-15
4.84945417156268E-15
4.84945417156268E-15
4.84945417156268E-15
4.77839989798667E-15
4.77839989798667E-15
4.77839989798667E-15
4.77839989798667E-15
4.77839989798667E-15
4.77839989798667E-15
4.77839989798667E-15
4.70734562441066E-15
4.70734562441066E-15
4.70734562441066E-15
4.70734562441066E-15
4.70734562441066E-15
4.70734562441066E-15
4.70734562441066E-15
4.70734562441066E-15
4.70734562441066E-15
4.70734562441066E-15
4.70734562441066E-15
4.70734562441066E-15
4.70734562441066E-15
4.70734562441066E-15
4.70734562441066E-15
4.70734562441066E-15
4.70734562441066E-15
4.70734562441066E-15
4.70734562441066E-15
4.70734562441066E-15
4.70734562441066E-15
4.70734562441066E-15
4.70734562441066E-15
4.70734562441066E-15
4.70734562441066E-15
4.70734562441066E-15
4.70734562441066E-15
4.70734562441066E-15
4.70734562441066E-15
4.70734562441066E-15
