fitness of population :
1000000
-180.380655730089
-182.55698772414
-182.597397052462
-182.608377559473
-182.64195108424
-182.66629701742
-182.668875005203
-182.682196491972
-182.6854396523
-182.697652895132
-182.698314327555
-182.707014674264
-184.102671250112
-184.102671250112
-184.102671250112
-184.102671250112
-184.104292469252
-185.349896463733
-185.349896463733
-185.349896463733
-185.353874531578
-185.353874531578
-185.353874531578
-185.366891019984
-185.372447514175
-185.385477490775
-185.385513604835
-185.389228631868
-185.389228631868
-185.389228631868
-185.389228631868
-185.390981298151
-185.399260389013
-185.399505862856
-185.399831241235
-185.401821815108
-185.402498202993
-185.402568337038
-185.408367723283
-185.40852409575
-185.411798005818
-185.411798005818
-185.411935716801
-185.412964774801
-185.412964774801
-185.419472456813
-186.504896635561
-186.5059480957
-186.511672488172
-186.511672488172
-186.615650798545
-186.625865295739
-186.628695993371
-186.628695993371
-186.632196039349
-186.63226982411
-186.632508547364
-186.65450984719
-186.65639562494
-186.677112558522
-186.677112558522
-186.677809390932
-186.697750710976
-186.698823883797
-186.698823883797
-186.699574766457
-186.699574766457
-186.699574766457
-186.699574766457
-186.699574766457
-186.699574766457
-186.699574766457
-186.699574766457
-186.699574766457
-186.699574766457
-186.700035519348
-186.700035519348
-186.700035519348
-186.700035519348
-186.700035519348
-186.700035519348
-186.700035519348
-186.70003600674
-186.70003600674
-186.70003600674
-186.70003600674
-186.700848480411
-186.700852328935
-186.700852328935
-186.700852328935
-186.700852328935
-186.700852328935
-186.700852328935
-186.702572769477
-186.702572769477
-186.702572769477
-186.703252815422
-186.703252815422
-186.706137071707
-186.706137071707
-186.706137071707
-186.707661641427
-186.707661641427
-186.708099319493
-186.708099319493
-186.70918285693
-186.709567853137
-186.709567853137
-186.709567853137
-186.709567853137
-186.709567853137
-186.709567853137
-186.709567853137
-186.709567853137
-186.709653289014
-186.709653289014
-186.709653289014
-186.709653289014
-186.709653289014
-186.709653289014
-186.709653289014
-186.709653289014
-186.709653289014
-186.709653289014
-186.709653289014
-186.709653289014
-186.709753618766
-186.709753618766
-186.710909931975
-186.711570022476
-186.711570022476
-186.711570022476
-186.712211685869
-186.712211685869
-186.712211685869
-186.712211685869
-186.712211685869
-186.712873122689
-186.714026403667
-186.714026403667
-186.714026403667
-186.714767657013
-186.714767657013
-186.714837322813
-186.714837322813
-186.714837322813
-186.714837322813
-186.714837322813
-186.714837322813
-186.714837322813
-186.714837322813
-186.714837322813
-186.714857160289
-186.715014626739
-186.715014626739
-186.715014626739
-186.716133778669
-186.716133778669
-186.716133778669
-186.716133778669
-186.716145745808
-186.716145745808
-186.716145745808
-186.716145745808
-186.716145745808
-186.716409368949
-186.716409368949
-186.716409368949
-186.716409368949
-186.716409368949
-186.716705995931
-186.717014918986
-186.717014918986
-186.717014918986
-186.717110530042
-186.717110530042
-186.717110530042
-186.717110530042
-186.717110530042
-186.717110530042
-186.717110530042
-186.717110530042
-186.717110530042
-186.717110530042
-186.717748985867
-186.717903393309
-186.717903393309
-186.717903393309
-186.718666996265
-186.718666996265
-186.718666996265
-186.718666996265
-186.718666996265
-186.718666996265
-186.718666996265
-186.718666996265
-186.718666996265
-186.718666996265
-186.718666996265
