fitness of population :
1000000
-0.965335788999782
-0.999787135262145
-0.999999739093993
-0.999999739093993
-0.999999739093993
-0.999999739093993
-0.999999739093993
-0.999999739093993
-0.999999739093993
-0.999999739093993
-0.999999797352812
-0.99999979746514
-0.99999979746514
-0.999999800535384
-0.999999800535384
-0.999999800535384
-0.999999800535384
-0.999999800535384
-0.999999800535384
-0.999999800535384
-0.999999800535384
-0.999999800535384
-0.999999853033299
-0.999999853033299
-0.999999853033299
-0.999999853033299
-0.999999853033299
-0.999999853033299
-0.999999853033299
-0.999999853033299
-0.999999853033299
-0.999999853033299
-0.999999853033299
-0.999999853033299
-0.999999853033299
-0.999999853033299
-0.999999853033299
-0.999999853149365
-0.999999853149365
-0.999999853149365
-0.999999872668054
-0.999999872668054
-0.999999872668054
-0.999999872668054
-0.999999872668054
-0.999999872668054
-0.999999872668054
-0.999999872668054
-0.999999872668054
-0.999999872668054
-0.999999872668054
-0.999999872668054
-0.999999872668054
-0.999999872668054
-0.999999872668054
-0.999999872668054
-0.999999872668054
-0.999999872668054
-0.999999872668054
-0.999999872668054
-0.999999872668054
-0.999999872741225
-0.999999872741225
-0.999999872741225
-0.999999872741225
-0.999999872741225
-0.999999872741225
-0.999999872741225
-0.999999872741225
-0.999999872741225
-0.999999872741225
-0.999999872741225
-0.999999888743782
-0.999999888743782
-0.999999888743782
-0.999999888743782
-0.999999888743782
-0.999999888743782
-0.999999888743782
-0.999999888743782
-0.999999888743782
-0.999999888743782
-0.999999888743782
-0.999999888743782
-0.999999888743782
-0.999999888743782
-0.999999888743782
-0.999999888743782
-0.999999888743782
-0.999999888743782
-0.9999998889767
-0.9999998889767
-0.9999998889767
-0.9999998889767
-0.9999998889767
-0.9999998889767
-0.99999988995382
-0.99999988995382
-0.99999988995382
-0.999999896274195
-0.999999896274195
-0.999999896274195
-0.999999896274195
-0.999999896274195
-0.999999896413743
-0.999999896413743
-0.999999896413743
-0.999999896424943
-0.999999896424943
-0.999999896424943
-0.999999896424943
-0.999999896424943
-0.999999902646851
-0.999999902646851
-0.999999902646851
-0.999999902646851
-0.999999902646851
-0.999999902646851
-0.999999902646851
-0.999999902646851
-0.999999910610497
-0.999999910610497
-0.999999910610497
-0.999999910610497
-0.999999910610497
-0.999999910610497
-0.999999910610497
-0.999999910610497
-0.999999910636125
-0.999999910636125
-0.999999912031435
-0.999999912031435
-0.999999912043102
-0.999999912043102
-0.999999912043783
-0.999999912043783
-0.999999912043783
-0.999999912043783
-0.999999912698737
-0.999999912698737
-0.999999912698737
-0.999999912698737
-0.999999912698737
-0.999999912698737
-0.999999912698922
-0.999999912698922
-0.999999912698922
-0.999999912698922
-0.999999912698922
-0.999999912698922
-0.999999912698922
-0.999999912698922
-0.999999912698922
-0.999999912698922
-0.999999912698922
-0.999999912698922
-0.999999912698922
-0.999999912700956
-0.999999912700956
-0.999999912781523
-0.999999912781523
-0.999999912781523
-0.999999912781523
-0.999999912781523
-0.999999912781523
-0.999999912781523
-0.999999912781523
-0.999999912781523
-0.999999912787965
-0.999999912787965
-0.999999912787965
-0.999999912787965
-0.999999912787965
-0.999999972381534
-0.999999972381534
-0.999999972381534
-0.999999972381534
-0.999999972381534
-0.999999972381534
-0.999999972381534
-0.999999972381534
-0.999999972381534
-0.999999972381534
-0.999999972381534
-0.999999972381534
-0.999999972381534
-0.999999972381534
-0.999999972381534
-0.999999972381534
-0.999999972381534
-0.999999972381534
-0.999999972381534
-0.999999972381534
-0.999999972381534
-0.999999972381534
-0.999999972381534
-0.999999972387103
-0.999999972387103
-0.999999972387103