fitness of population :
1000000
-5177.52516461053
-5361.08267793693
-5361.08267793693
-5361.08267793693
-5361.08267793693
-5361.08267793693
-5361.08267793693
-5361.08267793693
-5361.08267793693
-5361.08267793693
-5361.08267793693
-5361.08267793693
-5361.08267793693
-5361.08267793693
-5361.08267793693
-5361.08267793693
-5361.08267793693
-5361.08267793693
-5361.08267793693
-5361.08267793693
-5361.08267793693
-5361.08267793693
-5361.08267793693
-5361.08267793693
-5361.08267793693
-5361.08267793693
-5361.08267793693
-5361.08267793693
-5361.08267793693
-5361.08267793693
-5361.08267793693
-5361.08267793693
-5361.08267793693
-5361.08267793693
-5361.08267793693
-5361.08267793693
-5361.08267793693
-5361.08267793693
-5361.08267793693
-5361.08267793693
-5361.08267793693
-5361.08267793693
-5361.08267793693
-5361.08267793693
-5361.08267793693
-5361.08267793693
-5361.08267793693
-5361.08267793693
-5361.08267793693
-5361.08267793693
-5361.08267793693
-5361.08267793693
-5361.08267793693
-5361.08267793693
-5361.08267793693
-5361.08267793693
-5361.08267793693
-5361.08267793693
-5361.08267793693
-5361.08267793693
-5361.08267793693
-5361.08267793693
-5361.08267793693
-5361.08267793693
-5361.08267793693
-5361.08267793693
-5361.08267793693
-5361.08267793693
-5361.08267793693
-5361.08267793693
-5361.08267793693
-5361.08267793693
-5361.08267793693
-5361.08267793693
-5361.08267793693
-5361.08267793693
-5361.08267793693
-5361.08267793693
-5361.08267793693
-5361.08267793693
-5361.08267793693
-5361.08267793693
-5361.08267793693
-5361.08267793693
-5361.08267793693
-5361.08267793693
-5361.08267793693
-5361.08267793693
-5361.08267793693
-5361.08267793693
-5361.08267793693
-5361.08267793693
-5361.08267793693
-5361.08267793693
-5361.08267793693
-5361.08267793693
-5361.08267793693
-5361.08267793693
-5361.08267793693
-5361.08267793693
-5361.08267793693
-5361.08267793693
-5361.08267793693
-5361.08267793693
-5361.08267793693
-5361.08267793693
-5361.08267793693
-5361.08267793693
-5361.08267793693
-5361.08267793693
-5361.08267793693
-5361.08267793693
-5361.08267793693
-5361.08267793693
-5370.35075026893
-5370.35075026893
-5370.35075026893
-5370.35075026893
-5370.35075026893
-5370.35075026893
-5370.35075026893
-5370.35075026893
-5370.35075026893
-5370.35075026893
-5370.35075026893
-5370.35075026893
-5370.35075026893
-5370.35075026893
-5370.35075026893
-5370.35075026893
-5370.35075026893
-5370.35075026893
-5370.35075026893
-5370.35075026893
-5370.35075026893
-5370.35075026893
-5370.35075026893
-5370.35075026893
-5370.35075026893
-5370.35075026893
-5370.35075026893
-5370.35075026893
-5370.35075026893
-5370.35075026893
-5370.35075026893
-5370.35075026893
-5370.35075026893
-5370.35075026893
-5370.35075026893
-5370.35075026893
-5370.35075026893
-5370.35075026893
-5370.35075026893
-5370.35075026893
-5370.35075026893
-5370.35075026893
-5370.35075026893
-5370.35075026893
-5370.35075026893
-5370.35075026893
-5370.35075026893
-5370.35075026893
-5370.35075026893
-5370.35075026893
-5370.35075026893
-5370.35075026893
-5370.35075026893
-5370.35075026893
-5370.35075026893
-5370.35075026893
-5370.35075026893
-5373.41593543788
-5373.41593543788
-5373.41593543788
-5373.41593543788
-5373.41593543788
-5373.41593543788
-5373.41593543788
-5373.41593543788
-5373.41593543788
-5373.41593543788
-5373.41593543788
-5373.41593543788
-5373.41593543788
-5373.41593543788
-5373.41593543788
-5373.41593543788
-5373.41593543788
-5373.41593543788
-5373.41593543788
-5373.41593543788
-5373.41593543788
-5373.41593543788
-5373.41593543788
-5373.41593543788
-5373.41593543788
-5373.41593543788
-5373.41593543788
-5373.41593543788
