fitness of population :
1000000
0.224567789681763
0.0761120288539406
0.0187066489895723
0.00307540662355549
0.00032317780883981
2.13239339918538E-05
8.41946870496346E-07
1.89788051835773E-08
2.34978207523246E-10
1.53476544793094E-12
5.01803264296809E-15
7.60663942457163E-18
4.70180502255524E-21
8.94604316336449E-25
7.1644736831229E-30
7.49997745291306E-40
1.46182641179436E-47
1.84082899339909E-55
1.99436534752486E-63
3.04544948996496E-71
2.65427131755632E-80
2.77371655173724E-87
2.27388360104278E-95
1.10445113978076E-103
7.40588630433909E-112
2.57499544598075E-120
6.15330781507398E-129
2.75715281208317E-137
3.55843407071518E-146
3.42789379879248E-155
2.38192740273687E-164
9.95246080526264E-173
8.59125614013436E-182
4.62761783851565E-192
9.7747420153116E-201
1.7437799721463E-211
4.16390744190946E-222
6.21922734693603E-230
2.27217858548752E-239
2.88872316486915E-249
4.59915947567467E-260
3.01032527614367E-269
1.14670871238729E-279
1.7467097749724E-290
1.99468074003515E-300
9.39580650153271E-311
1.65511991356818E-321
0
0
0
0
0
0
0
0
0
0
0
0
0
0
0
0
0
0
0
0
0
0
0
0
0
0
0
0
0
0
0
0
0
0
0
0
0
0
0
0
0
0
0
0
0
0
0
0
0
0
0
0
0
0
0
0
0
0
0
0
0
0
0
0
0
0
0
0
0
0
0
0
0
0
0
0
0
0
0
0
0
0
0
0
0
0
0
0
0
0
0
0
0
0
0
0
0
0
0
0
0
0
0
0
0
0
0
0
0
0
0
0
0
0
0
0
0
0
0
0
0
0
0
0
0
0
0
0
0
0
0
0
0
0
0
0
0
0
0
0
0
0
0
0
0
0
0
0
0
0
0
0
