fitness of population :
1000000
13.2852865054634
13.2630930021928
13.2628761958699
13.262862049414
12.2005659636125
11.6503887815921
11.6500902923518
11.6500902923518
11.6500875188606
11.1101323734551
11.1101323734551
11.1101323734551
11.1100714382076
11.106944202446
11.1066250447156
11.1064023024738
11.1063363397833
11.1021527037629
11.1020692139598
11.1014706233768
11.1013283096952
11.1010510328756
11.1010496945082
11.101028227678
11.1009825144199
11.1009737593805
11.1009610010015
11.1009603692745
11.1009592658916
11.1009159877935
9.50729185374643
6.27873925028332
6.24406926798914
6.24406430105965
6.24406419647299
6.24405817180097
6.24403175469288
6.24397015363745
6.2439657001721
6.24396489497247
6.24396489497247
6.24396330332578
6.24396196799781
6.24395917681697
6.24395766556863
6.24395680457025
6.24239775392327
6.2423917689325
6.24210123068558
6.24198728723432
6.24198728723432
6.24198727502136
6.24198727502136
6.24198640006549
6.24197836218894
6.24197722864554
6.2419768776508
6.2419768776508
6.24197676789542
6.24197676789542
6.24194842006165
6.24194841647008
6.24190206758267
6.24187192314619
6.24187192314619
6.24070090970726
6.24069607974181
6.24069607974181
6.24069012977445
6.24069012977445
6.24069012977445
6.24069012977445
6.24069012977445
6.24066816532808
6.24066816532808
5.70357414552263
5.70357414552263
4.62357855819688
4.62355750619464
4.62339529387636
4.62337175798348
4.62337135120919
4.62337135120919
4.62337111800679
4.62337111800679
4.62337104235699
4.62336009950307
4.62336002143502
4.62336002143502
4.62336002143502
4.62091662593288
4.62091662593288
4.62091662593288
4.62091662593288
4.62091603015149
4.62091565148532
4.62091565148532
4.62091565148532
4.62091043471768
4.62091029153047
4.62091001522657
4.62091001522657
4.62091001522657
4.62091001522657
4.62091001522657
4.62091001522657
4.62091001522657
4.62056240326273
4.62056240326273
4.62056235433818
4.62056219242944
4.62056203000133
4.62056201132985
4.62056122025488
4.6205390446269
4.6205390446269
4.6205388571581
4.6205388571581
4.62053689375911
4.62053689375911
4.62053689375911
4.62053689375911
4.62053689375911
4.62053468448835
4.62053436838053
4.62052791075072
4.62043969558456
4.62043969558456
4.62043520894629
4.6204310607427
4.62043106072607
4.62043068887888
4.62043068887888
4.62043032327471
4.62043032327471
4.62043032141155
4.62043031976406
4.62043031976406
4.62042970045869
4.62042970045869
4.62042970045869
4.62042957033125
4.62042949386557
4.62039866117888
4.62039864306294
4.62039728673552
4.62039728673552
4.62039723052336
4.62039723052336
4.62039722024513
4.62024202865189
4.62024201506093
4.62024201506093
4.62024201506093
4.62024194076085
4.62024194076085
4.62024193909192
4.62024177851702
4.62024175047195
4.62024174376601
4.62024168296382
4.62024167038522
4.62024167038522
4.62024166589944
4.62024166589944
4.62024161134474
4.62024159018621
4.62024136191208
4.62024135973973
4.62024135907094
4.62024133193988
4.62024109604673
4.62024109604673
4.62024109604673
4.62024109604673
4.62024104778265
4.62024101074102
4.62024101074102
4.62024101074102
4.62024100295336
4.6202409963723
4.6202409963723
3.001011509757
3.00032882057809
3.00007458951344
3.00007440290443
3.00007386273128
3.00007386273128
3.0000718635707
3.00007186008762
3.00007186008762
3.00007186008762
3.00007158631605
3.00007155584076
3.00007148493758
3.00007146211688
3.00007146211688
3.00007146211688
3.00007146211688