fitness of population :
1000000
176.713034543184
90.8130254602457
46.8934388131675
21.9662360435816
10.6500399028109
4.89324730375785
2.80825951291534
0.843297683952803
0.440794682108337
0.297470322656834
0.242916113747157
0.0828226705654132
0.0350757923458657
0.000405611303450949
5.84095813076735E-05
8.98632600567557E-06
1.53743474095095E-06
7.43786700457376E-08
1.72369239917853E-08
8.50282329693491E-09
5.68766038157853E-09
3.75935207091869E-09
2.22660496345183E-09
1.27171520988793E-09
7.17939451368898E-10
3.96926256018677E-10
2.16108606905481E-10
3.04095894850494E-15
5.38475661839279E-16
9.28426058360795E-17
1.5378872289463E-17
2.45851139791806E-18
3.90756492238826E-19
3.81076170973139E-26
4.76225903464998E-27
3.38325680321682E-27
2.47744757309824E-27
1.81293524601008E-27
1.34545030607418E-27
7.83560672768599E-32
2.53865179651964E-33
8.75184145987167E-35
2.88587517163631E-36
8.96296042202813E-38
2.65519227000333E-39
4.14066887798542E-56
4.0468141448505E-69
1.09332541071856E-69
2.97384281392106E-70
6.25620364250866E-76
1.33583033036124E-78
3.38429336843847E-81
9.3030432988806E-84
2.16341470662472E-86
2.39636901204977E-93
2.82997622572317E-103
1.946476862548E-108
9.21024624766354E-111
3.24388985930778E-113
6.8184208847735E-117
3.82111438568745E-127
1.10727315354417E-131
5.56246761961596E-136
2.30205070058921E-143
5.35470819382183E-146
1.48823237897927E-148
7.33204080837268E-150
3.72708182018554E-151
1.85284684641297E-152
8.82379451564767E-154
9.9827432182688E-162
2.02474853299884E-171
3.91123714072982E-181
5.97000444680029E-186
2.14451697832215E-189
1.02819825340282E-198
2.69506658473387E-208
3.54525098945271E-211
1.78534834169092E-212
8.97375283887029E-214
4.44810354493082E-215
1.65905616149336E-222
2.34826422983072E-227
1.17153417627567E-231
2.00939549065775E-235
2.15008838855213E-238
3.30310325942608E-241
1.42777157961133E-270
1.5254255142992E-284
1.81785063374799E-293
8.50843913799641E-304
4.23258395349622E-314
4.49599737715534E-322
0
0
0
0
0
0
0
0
0
0
0
0
0
0
0
0
0
0
0
0
0
0
0
0
0
0
0
0
0
0
0
0
0
0
0
0
0
0
0
0
0
0
0
0
0
0
0
0
0
0
0
0
0
0
0
0
0
0
0
0
0
0
0
0
0
0
0
0
0
0
0
0
0
0
0
0
0
0
0
0
0
0
0
0
0
0
0
0
0
0
0
0
0
0
0
0
0
0
0
0
0
0
0
0
0
0