fitness of population :
1000000
24.3430548024411
16.1970127892893
10.0235681130765
5.85781386217402
3.0823722612167
1.83092727231157
1.09045328044764
0.601199460235113
0.212679871761664
0.116208963823663
0.0603947615400188
0.0204747523540508
0.00714606206609956
0.00166913501691953
0.000902155716846415
0.000359621345405919
0.000139169221038766
3.2656772032503E-05
1.03827926248171E-06
3.40942420590478E-07
1.43643594285462E-07
1.15184160741577E-09
1.8095491741426E-10
5.9231965961116E-11
5.72731968800716E-13
2.47084333261654E-13
1.30714167748895E-13
9.51099601771672E-14
9.04692554785853E-19
2.04410067050165E-19
3.37400935386611E-20
5.74360860642398E-21
1.89756060583086E-21
3.45133818350771E-22
5.26805100345463E-25
2.06222844932073E-26
3.8103873482861E-29
9.37741764181316E-30
8.69770393564075E-34
1.06449025030032E-34
1.47794847824194E-39
8.0593628785263E-42
2.61643066563567E-44
3.93453447019623E-45
7.50128120911513E-46
1.13804518372474E-46
1.70049290692694E-49
8.6995387600995E-50
4.5287876105726E-50
7.03517996176106E-56
3.9769945004333E-57
4.40136382676904E-58
4.92467341146831E-59
4.44726866716334E-62
1.46236492338399E-63
1.84375401369475E-65
4.42977068128347E-67
1.54870992259171E-72
1.09421097938803E-74
6.20845756004974E-76
4.77457316440961E-77
1.76637199426913E-78
5.34979873654811E-80
2.23076245678937E-81
3.29943543287065E-82
4.42607793962814E-85
3.27203093670158E-96
1.66649238486592E-102
2.89698320256217E-105
1.8469077652001E-109
2.8682684606338E-114
4.8724165574543E-116
4.3579836221915E-117
7.18063379711227E-119
4.40885310621655E-130
5.73094896277089E-132
4.22191587202204E-133
4.18300404762468E-134
6.62935388638089E-135
1.89185234345975E-135
5.36746357697958E-136
6.11610867298737E-149
4.98930907698917E-157
1.41414982709021E-158
4.14099215940802E-160
3.17067351463606E-168
8.04413673107676E-170
1.7402611128642E-175
1.49481306896853E-178
2.21988578529715E-181
4.21981664331E-183
1.18429511439329E-188
6.4468296109429E-196
1.10988923453021E-202
2.83261173217607E-210
3.62481700683514E-216
6.69598262764438E-222
8.73650013835778E-226
1.55117544589911E-229
1.98931832367148E-232
1.5267844112414E-236
3.9337866910632E-238
2.19394291058448E-242
1.75163446468295E-244
6.15226827565265E-246
7.03178973500085E-249
5.66067934214921E-249
3.79726205234097E-253
4.42581225246371E-257
6.34467321676393E-259
5.02263585324246E-262
4.68147122168433E-266
1.37682383643482E-267
1.14236894692651E-271
3.60375662599881E-275
3.34675455248792E-279
8.48339514681613E-283
3.76567980280747E-288
4.84143740566348E-291
1.19007581385049E-295
5.14294585922052E-298
8.2780582109693E-301
1.25917200152468E-303
1.43964697359402E-307
1.03901343343594E-312
2.15358817837951E-317
2.02566914794911E-322
0
0
0
0
0
0
0
0
0
0
0
0
0
0
0
0
0
0
0
0
0
0
0
0
0
0
0
0
0
0
0
0
0
0
0
0
0
0
0
0
0
0
0
0
0
0
0
0
0
0
0
0
0
0
0
0
0
0
0
0
0
0
0
0
0
0
0
0
0
0
0
0
