fitness of population :
1000000
-1.84227737714616
-1.84463127865944
-1.88586637284898
-1.91078341023103
-1.9294780406745
-1.93691839893116
-1.94664218385437
-1.95151444696213
-1.95638882307927
-1.97089946501112
-1.98058749252313
-1.98058752091113
-1.98058752091303
-1.98300954847332
-1.98300954914568
-1.98300954914569
-1.98543195297122
-1.9854319570675
-1.98785394267871
-1.99030151927355
-1.99030160104421
-1.99030160104432
-1.99030160104432
-1.99030160104432
-1.99030160135841
-1.99030160135841
-1.99030160135841
-1.99030160135841
-1.99273353000458
-1.99273353446344
-1.99273353446344
-1.99273353446344
-1.99273353446344
-1.99273353446344
-1.99273353446344
-1.99273353446344
-1.99273353446344
-1.99273353446344
-1.99273353446344
-1.99273353446344
-1.99273353446344
-1.99273353446344
-1.99273353446344
-1.99515552208046
-1.99515552210217
-1.99515552210217
-1.9975767904568
-1.99757755298032
-1.99757755298032
-1.99757755298032
-1.99757755298032
-1.99757755298032
-1.99757755298032
-1.99757755298032
-1.99757755298032
-1.99757755298032
-1.99757755298032
-1.99757755298032
-1.99757755298032
-1.99757755298032
-1.99757800683804
-1.99757800683804
-1.99757800683804
-1.99757800683804
-1.99757800683804
-1.99757800683804
-1.99757800683804
-1.99757800683804
-1.99757800683804
-1.99757800683804
-1.99757800683804
-1.99757800683804
-1.99757800683804
-1.99757800683804
-1.99757800683804
-1.99757800683804
-1.99757800683804
-1.99757800683804
-1.99757800683804
-1.99757800683804
-1.99757800683804
-1.99757800683804
-1.99757800683804
-1.99757800683804
-1.99757800683804
-1.99757800683804
-1.99757800683804
-1.99757800683804
-1.99757800683804
-1.99757800683804
-1.99757800683804
-1.99757800683804
-1.99757800683804
-1.99757800683804
-1.99757800683804
-1.99757800683804
-1.99757800683804
-1.99757800683804
-1.99757800683804
-1.99757800683804
-1.99757800683804
-1.99757800683804
-1.99757800683804
-1.99757800683804
-1.99757800683804
-1.99757800683804
-1.99757800683804
-1.99757800683804
-1.99757800683804
-1.99757800683804
-1.99757800683804
-1.99757800683804
-1.99757800683804
-1.99757800683804
-1.99757800683804
-1.99757800683804
-1.99757800683804
-1.99757800683804
-1.99757800683804
-1.99757800683804
-1.99757800683804
-1.99757800683804
-1.99757800683804
-1.99757800683804
-1.99757800683804
-1.99757800683804
-1.99757800683804
-1.99757800683804
-1.99757800683804
-1.99757800683804
-1.99757800683804
-1.99757800683804
-1.99757800683804
-1.99757800683804
-1.99757800683804
-1.99757800683804
-1.99757800683804
-1.99757800683804
-1.99757800683804
-1.99757800683804
-1.99757800683804
-1.99757800683804
-1.99757800683804
-1.99757800683804
-1.99757800683804
-1.99757800683804
-1.99757800683804
-1.99757800683804
-1.99757800683804
-1.99757800683804
-1.99757800683804
-1.99998613771227
-2
-2
-2
-2
-2
-2
-2
-2
-2
-2
-2
-2
-2
-2
-2
-2
-2
-2
-2
-2
-2
-2
-2
-2
-2
-2
-2
-2
-2
-2
-2
-2
-2
-2
-2
-2
-2
-2
-2
-2
-2
-2
-2
-2
-2
-2
-2
