fitness of population :
1000000
379.03977891303
229.236139035128
141.262400637773
88.2543039409961
46.9851136690879
23.6016367411592
11.8239698428245
5.29673376058766
1.86502287869534
0.798802926114669
0.366491940354657
0.10338778827663
0.0483957195801399
0.0186134252775562
0.00128063519487869
0.000462422389607378
3.18875988787522E-05
4.86277884750131E-06
4.77336076017196E-07
1.66402111863699E-07
2.09931492587827E-08
1.56384964222359E-10
2.83317870976088E-11
3.27140775203989E-12
5.95593506060978E-14
2.04796555295934E-14
6.08623867748044E-17
6.70669534317478E-18
4.10234927006973E-18
1.58593962613854E-19
8.78232581298814E-22
8.73957413939983E-23
5.73210322892818E-23
5.37767184327835E-25
2.46169272510206E-25
2.70037037625751E-27
1.36198777461314E-28
9.49588793751555E-30
6.48684312227314E-31
2.11312338436922E-36
7.86026323397182E-40
2.49006990451569E-42
1.82373267926296E-49
2.01493711958241E-54
1.21237057014515E-56
5.15902823063573E-57
2.61197055744227E-66
5.8408115572865E-67
6.90956375750355E-69
3.15508838208236E-71
1.82004807212793E-71
1.80777469339953E-75
1.06992062481951E-76
2.61365027227095E-77
6.41179035424879E-78
4.7581595955846E-84
1.3261779160121E-89
1.19733874352065E-93
5.62475664874711E-99
1.88756785651348E-103
6.95583425529368E-108
3.62241615320543E-111
1.39435013578035E-112
5.29747362012813E-114
2.12261929615549E-119
1.5220005813475E-124
2.21672107752117E-128
7.14491137118048E-133
8.62114163018339E-143
1.56989438175833E-147
2.39001169945312E-152
2.34350393462245E-161
6.28992492419156E-170
3.08364334726333E-174
3.30165394744433E-177
1.74791325246397E-177
9.3059236468255E-178
2.06657574384199E-182
3.89927992887827E-186
9.47918231013627E-190
2.14661554395176E-194
2.90785140114816E-204
5.30423564043324E-214
7.85851272450412E-227
3.93934037172014E-237
4.0191277836644E-247
1.67341401822012E-254
1.15774937333765E-255
1.80293371432837E-260
5.23276202230745E-267
1.72116373878873E-273
3.71653198683578E-277
1.05972543079309E-282
2.64365577881745E-290
3.72231089829732E-306
5.93827326875213E-313
0
0
0
0
0
0
0
0
0
0
0
0
0
0
0
0
0
0
0
0
0
0
0
0
0
0
0
0
0
0
0
0
0
0
0
0
0
0
0
0
0
0
0
0
0
0
0
0
0
0
0
0
0
0
0
0
0
0
0
0
0
0
0
0
0
0
0
0
0
0
0
0
0
0
0
0
0
0
0
0
0
0
0
0
0
0
0
0
0
0
0
0
0
0
0
0
0
0
0
0
0
0
0
