fitness of population :
1000000
275.347448990638
248.544616026738
242.389523370186
235.363783085127
226.931434571094
220.963396881468
212.623011536171
205.634608507702
196.710015097421
190.800409279111
181.125455802248
175.425497683226
162.88216063121
151.560091596782
137.290688560508
127.088746089397
116.211824881003
108.534788378616
98.6858840276433
93.545889033045
84.3390708046608
79.2484772303588
75.7859328262143
72.1658399997637
69.1010250018605
67.9457917211114
65.7551419636496
60.8757124253104
54.5906547711846
51.3550708912693
47.7048727874849
44.9216165377797
43.3627100087901
39.5435181132666
34.9664397754232
29.0009688906847
25.6022974654692
24.4312556462477
23.9689554183881
23.2633766781512
22.8997683820576
21.9985718757142
21.9983304468937
21.2635282941282
21.1708135695591
20.3188039016446
19.1345873643222
18.212362590612
17.7513251454707
17.6957936923643
17.5430808283212
17.54308079331
17.4601212294271
17.0718515264663
16.6236232366396
16.6236153281989
16.6236153281984
16.6236153281984
16.4427072201002
16.4427072201002
16.4427072201002
15.6942277918032
14.8452406654307
13.347944174205
13.347944174205
13.347944174205
12.8828545326059
12.7788873647342
12.7788873647342
12.7788873647342
12.3735307667978
12.239820847136
11.8929736267296
9.15076518668472
9.15076178048742
9.13066312979091
7.60350568232057
7.09706099147358
7.0956172348881
6.68406798844794
6.39507379243347
6.39507379243347
5.72483384913977
5.72482558188196
5.67935082116451
5.67931991591162
5.21169897162431
5.2018225721642
5.00390796905654
4.99900070809672
3.96740605656004
3.7297985361256
3.71048631336646
3.71047511769461
3.71047288746877
3.71047288742499
3.71047288741449
3.71047288741449
3.71047288741449
3.71047288741449
3.71047288741449
3.71047288741449
3.71047288741449
3.71047288741449
3.71047288741449
3.71047288741449
3.59088172811098
3.59088172811098
3.59088172811098
3.59088172811098
3.57425971216706
3.57425971216706
0.461321822115589
0.107688769856262
0.107688769856262
0.0312707409227759
0.0312707409227759
0.0312707409227759
0.0312707409227759
0.000852867066937399
5.74360447878064E-07
4.79723723856296E-09
3.5527136788005E-17
3.5527136788005E-17
0
0
0
0
0
0
0
0
0
0
0
0
0
0
0
0
0
0
0
0
0
0
0
0
0
0
0
0
0
0
0
0
0
0
0
0
0
0
0
0
0
0
0
0
0
0
0
0
0
0
0
0
0
0
0
0
0
0
0
0
0
0
0
0
0
0
0
0
0
0
0
0
0
0
0