fitness of population :
1000000
0.39808017089817
0.398080170212406
0.398080170212406
0.398080170212406
0.398080170212406
0.398027028277535
0.398027028277535
0.398027028277535
0.398027028277535
0.398027028277535
0.398027028277535
0.398027025051316
0.398027025051316
0.398027025051316
0.398025239172066
0.398025239172066
0.398025239172066
0.398025239172066
0.398025239172066
0.398025239172066
0.398025239172066
0.398025239172066
0.398025239172066
0.398025239172066
0.398024216435425
0.398024216435425
0.398023156661122
0.398023156661122
0.398023156661122
0.398022715471091
0.398022715471091
0.398022715471091
0.398022715471091
0.398022715471091
0.398022715471091
0.398022715471091
0.398022459417839
0.398022459417839
0.398022459417839
0.398022459417839
0.398022459417839
0.398022459417839
0.398022459417839
0.398022459417839
0.398022459417839
0.398022459417839
0.398022459417839
0.398022459417839
0.398022459417839
0.398022459417839
0.398022459417839
0.398022459417839
0.398022459417839
0.398022459417839
0.398022459417839
0.398022459417839
0.398022459417839
0.398022459417839
0.398022459417839
0.398022459417839
0.398022459417839
0.398022459417839
0.398022459417839
0.398022459417839
0.398022459417839
0.398022459417839
0.398022459417839
0.398022459417839
0.398022459417839
0.398022459417839
0.398022459417839
0.398022334472514
0.398019630929465
0.398019630929465
0.398019630929465
0.398019630929465
0.398019630929465
0.398019630929465
0.398019630929465
0.398019630929465
0.398019630929465
0.398019630929465
0.398019630929465
0.398019630929465
0.398019630929465
0.398019630929465
0.398019630929465
0.398018201971852
0.398018201971852
0.398018201971852
0.398018201971852
0.397972371434793
0.397972371434793
0.397972371434793
0.397972371434793
0.397972371434793
0.397972371434793
0.397972371434793
0.397972371434793
0.397972371434793
0.397972371434793
0.397972371434793
0.397972371434793
0.397972371434793
0.397972371434793
0.397971634463208
0.397971634463208
0.397971634463208
0.397971634463208
0.397971634463208
0.397971634463208
0.397971634463208
0.397971634463208
0.397971634463208
0.397971634463208
0.397971634463208
0.397971634463208
0.397971634463208
0.397971634463208
0.397971634463208
0.397971634463208
0.397971634463208
0.397971634463208
0.397971634463208
0.397971634463208
0.397963967827865
0.397963967827865
0.397963967827865
0.397963967827865
0.397963967827865
0.397963967827865
0.397963967827865
0.397963967827865
0.397963967827865
0.397963967827865
0.397963967827865
0.397963967827865
0.397963967827865
0.397963967827865
0.397963967827865
0.397963967827865
0.397963967827865
0.397963967827865
0.397963967827865
0.397963967827865
0.397963967827865
0.397963967827865
0.397963967827865
0.397963967827865
0.397963967827865
0.397963967827865
0.397963967827865
0.397963967827865
0.397963967827865
0.397963967827865
0.397963967827865
0.397963967827865
0.397963967827865
0.397963967827865
0.397963967827865
0.39795883605246
0.39795883605246
0.39795883605246
0.39795883605246
0.39795883605246
0.39795883605246
0.39795883605246
0.39795883605246
0.39795883605246
0.39795883605246
0.39795883605246
0.39795883605246
0.39795883605246
0.39795883605246
0.39795883605246
0.39795883605246
0.39795883605246
0.397953605969356
0.397953605969356
0.397952578666122
0.397952578666122
0.397952578666122
0.397952578666122
0.397950875429826
0.397950875429826
0.397950875429826
0.397950875429826
0.397950875429826
0.397950875429826
0.397950875429826
0.397950738559834
0.397950738559834
0.397950738559834
0.397950738559834
0.397950738559834
0.397950738559834
0.397950738559834
0.397950738559834
0.397950738559834
