fitness of population :
1000000
60.5467889787217
6.17718477046423
1.23877321543139
0.464258151472532
0.31143214190257
0.242850215288748
0.194664363880223
0.179674750573561
0.15326036281572
0.121634505744545
0.109162503819087
0.0984533001482444
0.0909791750157924
0.0749153862047617
0.0688517370667675
0.061031759530682
0.0505280290421362
0.0445332867616635
0.0413386787686211
0.0374232903858306
0.034905225371923
0.02369747518568
0.0136503528059335
0.0100234134570806
0.00799012655720808
0.00340113661589146
0.00178946833457708
0.00162950404612309
0.00157540137780739
0.00116667016790268
0.00113133076119323
0.00113132391434215
0.00113132391391906
0.00113132391391902
0.00113132391391902
0.00113132391391902
0.000557090042709627
0.000557090042709627
0.000557090042709627
0.000557090042709627
0.000557090042709627
0.000557090042709627
0.000557090042709627
0.000557090042709627
9.7966358289181E-07
4.15525391872507E-13
4.44089209850063E-18
2.22044604925031E-18
2.22044604925031E-18
2.22044604925031E-18
2.22044604925031E-18
2.22044604925031E-18
2.22044604925031E-18
2.22044604925031E-18
2.22044604925031E-18
2.22044604925031E-18
2.22044604925031E-18
2.22044604925031E-18
2.22044604925031E-18
2.22044604925031E-18
2.22044604925031E-18
2.22044604925031E-18
2.22044604925031E-18
2.22044604925031E-18
2.22044604925031E-18
2.22044604925031E-18
2.22044604925031E-18
2.22044604925031E-18
2.22044604925031E-18
2.22044604925031E-18
2.22044604925031E-18
2.22044604925031E-18
2.22044604925031E-18
2.22044604925031E-18
2.22044604925031E-18
2.22044604925031E-18
2.22044604925031E-18
2.22044604925031E-18
2.22044604925031E-18
2.22044604925031E-18
2.22044604925031E-18
0
0
0
0
0
0
0
0
0
0
0
0
0
0
0
0
0
0
0
0
0
0
0
0
0
0
0
0
0
0
0
0
0
0
0
0
0
0
0
0
0
0
0
0
0
0
0
0
0
0
0
0
0
0
0
0
0
0
0
0
0
0
0
0
0
0
0
0
0
0
0
0
0
0
0
0
0
0
0
0
0
0
0
0
0
0
0
0
0
0
0
0
0
0
0
0
0
0
0
0
0
0
0
0
0
0
0
0
0
0
0
0
0
0
0
0
0
0
