100000
100000
100000
100000
99781.1814376587
96504.2007950583
84006.0142299544
68983.1761849449
55746.4263569967
45120.6310903855
37246.3335096309
30456.919722064
24621.1506700071
19740.7968469246
16235.4678165599
13288.8990384682
10977.039703399
8959.24319803589
7244.04129761068
5749.24210970799
4848.21286563046
4090.72665193871
3277.5542929876
2598.94767657637
2174.52842561382
1736.06421760042
1402.82743477427
1166.21030739408
971.191447486924
823.288876544346
651.019957866137
532.000596268657
436.086683198863
360.812616394705
292.653299773905
234.707832568068
199.222210688305
164.000357297756
132.289729845609
112.880541098988
95.6675929246395
76.9156106521317
65.8729676037437
54.9844497435301
44.6363861092777
38.186230507951
31.7557201040611
27.1498608985986
22.7199692386465
19.1014553924453
16.0010312957642
14.0412645425817
12.281438776509
10.4991270813751
9.280288449193
8.07814645648348
6.8530469598063
6.06978894702174
5.31154136941258
4.83348800977441
4.30531808436086
3.84446598453623
3.48120612176364
3.12401054637713
2.84039871412095
2.54434506631084
2.35410755711759
2.17532601295882
2.00489112722995
1.91675410077263
1.76949129116235
1.67053990672312
1.58496958905408
1.49224978347931
1.41298586090771
1.34703829015478
1.29645952555215
1.25217223951006
1.19909028348226
1.17694614691335
1.13623281361324
1.10469424949067
1.08090321935668
1.06151421348077
1.03290333981552
1.01879678197535
1.01010100639619
0.993064478064598
0.983167096617046
0.975946217589133
0.969139012441725
0.96158042470317
0.955448438754475
0.951690744301713
0.94536880200709
0.943303133095222
0.940762416399865
0.939814780287023
0.938326228325798
0.936612509501487
0.935302751911338
0.934743122479473
0.934428290622132
0.93425254759085
0.934119178148717
0.934037684012988
0.933986700171217
0.933986700171217
0.933986700171217
0.933986700171217
0.933986700171217
0.933986700171217
0.933986700171217
0.933986700171217
0.933986700171217
0.933986700171217
0.933986700171217
0.933986700171217
0.933986700171217
0.933986700171217
0.933986700171217
0.933986700171217
0.933986700171217
0.933986700171217
0.933986700171217
0.933986700171217
0.933986700171217
0.933986700171217
0.933986700171217
0.933986700171217
0.933986700171217
0.933986700171217
0.933986700171217
0.933986700171217
0.933986700171217
0.933986700171217
0.933986700171217
0.933986700171217
0.933986700171217
0.933986700171217
0.933986700171217
0.933986700171217
0.933986700171217
0.933986700171217
0.933986700171217
0.933986700171217
0.933986700171217
0.933986700171217
0.933986700171217
0.933986700171217
0.933986700171217
0.933986700171217
0.933986700171217
0.933986700171217
0.933986700171217
0.933986700171217
0.933986700171217
0.933986700171217
0.933986700171217
0.933986700171217
0.933986700171217
0.933986700171217
0.933986700171217
0.933986700171217
0.933986700171217
0.933986700171217
0.933986700171217
0.933986700171217
0.933986700171217
0.933986700171217
0.933986700171217
0.933986700171217
0.933986700171217
0.933986700171217
0.933986700171217
0.933986700171217
0.933986700171217
0.933986700171217
0.933986700171217
0.933986700171217
0.933986700171217
0.933986700171217
0.933986700171217
0.933986700171217
0.933986700171217
0.933986700171217
0.933986700171217
0.933986700171217
0.933986700171217
0.933986700171217
0.933986700171217
0.933986700171217
0.933986700171217
0.933986700171217
0.933986700171217
0.933986700171217
0.933986700171217
0.933986700171217
0.933986700171217
0.933986700171217
0.933986700171217
0.933986700171217
0.933986700171217
0.933986700171217
0.933986700171217
0.933986700171217
0.933986700171217
0.933986700171217
0.933986700171217
0.933986700171217
0.933986700171217
0.933986700171217
0.933986700171217
0.933986700171217
0.933986700171217
0.933986700171217
0.933986700171217
0.933986700171217
0.933986700171217
0.933986700171217
0.933986700171217
0.933986700171217
0.933986700171217
0.933986700171217
0.933986700171217
0.933986700171217
0.933986700171217
0.933986700171217
0.933986700171217
0.933986700171217
0.933986700171217
0.933986700171217
0.933986700171217
0.933986700171217
0.933986700171217
0.933986700171217
0.933986700171217
0.933986700171217
0.933986700171217
0.933986700171217
0.933986700171217
0.933986700171217
0.933986700171217
0.933986700171217
0.933986700171217
0.933986700171217
0.933986700171217
0.933986700171217
0.933986700171217
0.933986700171217
0.933986700171217
0.933986700171217
0.933986700171217
0.933986700171217
0.933986700171217
0.933986700171217
0.933986700171217
0.933986700171217
0.933986700171217
0.933986700171217
0.933986700171217
0.933986700171217
0.933986700171217
0.933986700171217
0.933986700171217
0.933986700171217
0.933986700171217
0.933986700171217
0.933986700171217
0.933986700171217
0.933986700171217
0.933986700171217
0.933986700171217
0.933986700171217
0.933986700171217
0.933986700171217
0.933986700171217
0.933986700171217
0.933986700171217
0.933986700171217
0.933986700171217
0.933986700171217
0.933986700171217
0.933986700171217
0.933986700171217
0.933986700171217
0.933986700171217
0.933986700171217
0.933986700171217
0.933986700171217
0.933986700171217
0.933986700171217
0.933986700171217
0.933986700171217
0.933986700171217
0.933986700171217
0.933986700171217
0.933986700171217
0.933986700171217
0.933986700171217
