100000
8194.5320767926
7111.44097623256
6270.61702263566
5622.25206513518
5088.61398948411
4387.97086382578
4001.37763691807
3721.46872490308
3309.86780694534
3023.60658469446
2702.72647331024
2411.06267770673
2250.01769521782
2061.99774597641
1863.08857723756
1708.90584801824
1526.71887575461
1376.02940597831
1289.44603973377
1124.87768510115
1009.6155859345
909.916232203131
817.557572904028
730.954199235383
671.509185304383
600.714867743096
533.645502746329
468.484247093635
426.348586831888
395.098015040082
349.184402946908
311.623476681929
290.40235728535
266.151965318026
232.3108416396
214.53812482437
197.679226215776
173.817644574528
154.957763346791
138.239799111266
124.534976473614
113.049066369033
105.027818058989
94.2177649240602
85.1748132367972
77.4285470807056
68.6396352637591
62.5990014087263
55.3766290476246
49.6796335939146
44.6280566737901
41.2414932426395
36.2764511824117
32.4042099243158
29.8130434927892
27.1482875000588
24.3766574089341
21.9626082519412
19.8130756829043
17.9796449177273
16.2382770622709
15.0143044434881
13.5392638671173
12.0710319983361
11.1251923529844
9.93331642563911
8.99390288313908
8.2579414831099
7.36708563590369
6.43056121368477
5.7482666607942
5.21388271264004
4.70372669192996
4.32173676641314
4.07920473474139
3.65448055127409
3.28672835937939
2.96162399162316
2.64903324323144
2.3599552074953
2.18859052613593
1.94110913610738
1.78049024845342
1.58830514986389
1.45761166790818
1.32552599263959
1.20770604493186
1.06360994966054
0.979880501944393
0.891059747335177
0.818322685235363
0.765321883239633
0.714653822495328
0.649028310605728
0.597442063607233
0.562462057744852
0.508295760580989
0.455883803432304
0.431124148768804
0.403850075128401
0.379340558544842
0.356626139095524
0.334541412389559
0.320167982434041
0.299817467398662
0.282820452894867
0.270444589363332
0.261779654899906
0.248343459615616
0.242170514635168
0.236643244637614
0.232938665424977
0.22526253582102
0.222174481347363
0.220133976932681
0.219358081970309
0.217409402255267
0.217267152071855
0.216705087448824
0.216547732803857
0.216547732803857
0.216547732803857
0.216365882617842
0.21628791731138
0.21628791731138
0.21628791731138
0.21598130243792
0.21598130243792
0.21598130243792
0.21598130243792
0.21598130243792
0.21598130243792
0.21598130243792
0.21598130243792
0.21598130243792
0.21598130243792
0.21598130243792
0.21598130243792
0.21598130243792
0.21598130243792
0.21598130243792
0.21598130243792
0.21598130243792
0.21598130243792
0.21598130243792
0.21598130243792
0.21598130243792
0.21598130243792
0.21598130243792
0.21598130243792
0.21598130243792
0.21598130243792
0.21598130243792
0.21598130243792
0.21598130243792
0.21598130243792
0.21598130243792
0.21598130243792
0.21598130243792
0.21598130243792
0.21598130243792
0.21598130243792
0.21598130243792
0.21598130243792
0.21598130243792
0.21598130243792
0.21598130243792
0.21598130243792
0.21598130243792
0.21598130243792
0.21598130243792
0.21598130243792
0.21598130243792
0.21598130243792
0.21598130243792
0.21598130243792
0.21598130243792
0.21598130243792
0.21598130243792
0.21598130243792
0.21598130243792
0.21598130243792
0.21598130243792
0.21598130243792
0.21598130243792
0.21598130243792
0.21598130243792
0.21598130243792
0.21598130243792
0.21598130243792
0.21598130243792
0.21598130243792
0.21598130243792
0.21598130243792
0.21598130243792
0.21598130243792
0.21598130243792
0.21598130243792
0.21598130243792
0.21598130243792
0.21598130243792
0.21598130243792
0.21598130243792
0.21598130243792
0.21598130243792
0.21598130243792
0.21598130243792
0.21598130243792
0.21598130243792
0.21598130243792
0.21598130243792
0.21598130243792
0.21598130243792
0.21598130243792
0.21598130243792
0.21598130243792
0.21598130243792
0.21598130243792
0.21598130243792
0.21598130243792
0.21598130243792
0.21598130243792
0.21598130243792
0.21598130243792
0.21598130243792
0.21598130243792
0.21598130243792
0.21598130243792
0.21598130243792
0.21598130243792
0.21598130243792
0.21598130243792
0.21598130243792
0.21598130243792
0.21598130243792
0.21598130243792
0.21598130243792
0.21598130243792
0.21598130243792
0.21598130243792
0.21598130243792
0.21598130243792
0.21598130243792
0.21598130243792
0.21598130243792
0.21598130243792
0.21598130243792
0.21598130243792
0.21598130243792
0.21598130243792
0.21598130243792
0.21598130243792
0.21598130243792
0.21598130243792
0.21598130243792
0.21598130243792
0.21598130243792
0.21598130243792
0.21598130243792
0.21598130243792
0.21598130243792
0.21598130243792
0.21598130243792
0.21598130243792
0.21598130243792
0.21598130243792
0.21598130243792
0.21598130243792
0.21598130243792
0.21598130243792
0.21598130243792
0.21598130243792
0.21598130243792
0.21598130243792
0.21598130243792
0.21598130243792
0.21598130243792
0.21598130243792
0.21598130243792
0.21598130243792
0.21598130243792
0.21598130243792
0.21598130243792
0.21598130243792
0.21598130243792
0.21598130243792
0.21598130243792
0.21598130243792
0.21598130243792
0.21598130243792
0.21598130243792
0.21598130243792
0.21598130243792
0.21598130243792
0.21598130243792
0.21598130243792
0.21598130243792
0.21598130243792
0.21598130243792
