100000
753.416117920186
716.310166285701
685.997115256845
644.444543313971
617.473303182485
604.055802046527
594.739503377844
569.436906083364
535.789728802816
514.844179379406
502.838154857039
498.424464660464
492.090634915099
479.878826472488
464.463043316812
441.330582061115
427.734229683911
417.163872563517
413.846975215825
412.676347673373
412.263277933104
411.240918644612
409.980084114424
407.52483071659
400.958352724449
382.490928356102
360.951773698557
345.833760697262
335.221305382586
327.881815151633
323.596580114258
322.644396001878
322.644396001878
322.644396001878
322.644396001878
322.644396001878
322.644396001878
322.644396001878
322.644396001878
322.644396001878
322.644396001878
322.644396001878
322.644396001878
322.644396001878
322.644396001878
322.609270916313
321.929855457696
319.810971251645
311.103319994862
293.749929561854
273.13298704683
256.782048784961
236.828211251542
215.729944979021
200.956103625245
185.322315147533
168.112280562186
155.760906806586
141.830936542781
129.017211950081
117.979299872578
107.938189392507
96.1277706897244
87.1572805857388
79.6838720882783
71.7008609464916
65.9121433141379
61.3281161855081
55.6501858085678
51.0971396996483
45.795271040319
41.6506200376788
38.2186184943342
33.8310770279874
29.7904556732903
27.4012617979726
25.3852894406622
23.1709467289925
20.9526035156833
18.6757420727377
17.2885074874641
15.5852443641121
14.202767096074
12.9896155729161
11.6566672008022
10.7319556796367
9.84590070138644
8.91842271570717
8.05130888698205
7.40462641979939
6.70846031693167
6.22116337107632
5.67223131970452
5.28532000019326
4.88378257656092
4.53173218601551
4.21319172218485
3.95111364622968
3.64835739979072
3.43772159279228
3.23277669753393
3.06116801652127
2.90637855334347
2.75670860691767
2.59257436940981
2.46048571818528
2.33525154986512
2.25051666682696
2.17158712755761
2.10497208406639
2.03579062579603
1.98255324789707
1.96690196612463
1.92338843804439
1.88291014720787
1.85044197201528
1.82090402319827
1.80099026177756
1.77722144692983
1.76500758909652
1.75536900455699
1.74317960319221
1.73695923139027
1.7334926731206
1.7262003370988
1.72413309830543
1.71964718663123
1.71876962335485
1.71823826507784
1.71482959527934
1.71482959527934
1.71449119516835
1.71449119516835
1.71285778257575
1.71253904014289
1.71253904014289
1.71253904014289
1.71253904014289
1.71253904014289
1.71253904014289
1.71253904014289
1.71253904014289
1.71253904014289
1.71253904014289
1.71253904014289
1.71253904014289
1.71253904014289
1.71253904014289
1.71253904014289
1.71253904014289
1.71253904014289
1.71253904014289
1.71253904014289
1.71253904014289
1.71253904014289
1.71253904014289
1.71253904014289
1.71253904014289
1.71253904014289
1.71253904014289
1.71253904014289
1.71253904014289
1.71253904014289
1.71253904014289
1.71253904014289
1.71253904014289
1.71253904014289
1.71253904014289
1.71253904014289
1.71253904014289
1.71253904014289
1.71253904014289
1.71253904014289
1.71253904014289
1.71253904014289
1.71253904014289
1.71253904014289
1.71253904014289
1.71253904014289
1.71253904014289
1.71253904014289
1.71253904014289
1.71253904014289
1.71253904014289
1.71253904014289
1.71253904014289
1.71253904014289
1.71253904014289
1.71253904014289
1.71253904014289
1.71253904014289
1.71253904014289
1.71253904014289
1.71253904014289
1.71253904014289
1.71253904014289
1.71253904014289
1.71253904014289
1.71253904014289
1.71253904014289
1.71253904014289
1.71253904014289
1.71253904014289
1.71253904014289
1.71253904014289
1.71253904014289
1.71253904014289
1.71253904014289
1.71253904014289
1.71253904014289
1.71253904014289
1.71253904014289
1.71253904014289
1.71253904014289
1.71253904014289
1.71253904014289
1.71253904014289
1.71253904014289
1.71253904014289
1.71253904014289
1.71253904014289
1.71253904014289
1.71253904014289
1.71253904014289
1.71253904014289
1.71253904014289
1.71253904014289
1.71253904014289
1.71253904014289
1.71253904014289
1.71253904014289
1.71253904014289
1.71253904014289
1.71253904014289
1.71253904014289
1.71253904014289
1.71253904014289
1.71253904014289
1.71253904014289
1.71253904014289
1.71253904014289
1.71253904014289
1.71253904014289
1.71253904014289
1.71253904014289
1.71253904014289
1.71253904014289
1.71253904014289
1.71253904014289
1.71253904014289
1.71253904014289
1.71253904014289
1.71253904014289
1.71253904014289
1.71253904014289
1.71253904014289
1.71253904014289
1.71253904014289
1.71253904014289
1.71253904014289
1.71253904014289
1.71253904014289
1.71253904014289
1.71253904014289
1.71253904014289
1.71253904014289
1.71253904014289
1.71253904014289
1.71253904014289
1.71253904014289
1.71253904014289
1.71253904014289
1.71253904014289
1.71253904014289
1.71253904014289
1.71253904014289
1.71253904014289
1.71253904014289
1.71253904014289
1.71253904014289
1.71253904014289
1.71253904014289
1.71253904014289
1.71253904014289
1.71253904014289
1.71253904014289
1.71253904014289
1.71253904014289
1.71253904014289
1.71253904014289
1.71253904014289
1.71253904014289
1.71253904014289
1.71253904014289
1.71253904014289
1.71253904014289
1.71253904014289
1.71253904014289
1.71253904014289
