100000
0.63850062912543
0.412739456633217
0.237738407252085
0.158288696198371
0.109889255062959
0.0728516297350581
0.0489076242734781
0.0337332888292138
0.0249943096227433
0.0193905566427501
0.0142061978624576
0.0110231521365354
0.00880628095627991
0.00667727912099989
0.0056548930580022
0.00434535433668109
0.0036133430655788
0.00287744452772971
0.00237294414130643
0.00180967477559911
0.00158589885088418
0.00123531123670639
0.000952755939511584
0.000802567095718787
0.000630548879774814
0.000515989946048055
0.000408107618039134
0.000359535243815419
0.000323452868234225
0.000236634887390704
0.000199615198919806
0.000150288608227385
0.000131341912791003
0.000119744617036356
0.000103630329612421
7.90827104879275E-05
6.64854336345215E-05
5.14108856766175E-05
4.23505187514619E-05
3.89294861212307E-05
3.32722908203188E-05
2.66154315271254E-05
2.3105350044771E-05
1.98806600711496E-05
1.72975570621004E-05
1.37414056111043E-05
1.19195594702749E-05
1.06299432149675E-05
9.82528871387559E-06
7.96495446412409E-06
6.83094508062072E-06
5.59348356339714E-06
4.96475247668538E-06
4.18647903186455E-06
3.5958882749106E-06
2.74595939108321E-06
2.6076088182116E-06
2.35960757703948E-06
2.15022515946882E-06
1.78763611668425E-06
1.69844339941372E-06
1.59565796897999E-06
1.1875624649749E-06
9.63914399975122E-07
8.5357126268858E-07
6.26556520782649E-07
5.93968710214483E-07
4.80971444470289E-07
4.10107214967681E-07
3.90103294828463E-07
3.59360952134958E-07
2.77062580170374E-07
2.2472631268836E-07
1.98943393778097E-07
1.58401039315356E-07
1.49402349641556E-07
1.38117886908296E-07
1.17067758685595E-07
1.05842752511322E-07
9.16823359137097E-08
7.7621882852917E-08
6.73532663999586E-08
5.89054925682887E-08
4.34636917542804E-08
3.57683077273846E-08
3.13592827990106E-08
2.79228768226035E-08
2.7091028471667E-08
2.48140566239235E-08
1.81976888721866E-08
1.63716767007794E-08
1.37498314473196E-08
1.25427375054575E-08
1.16789649905594E-08
1.15731826390816E-08
1.0438482085256E-08
9.17540435527055E-09
8.05585704405866E-09
7.74477567515609E-09
6.17835292829552E-09
5.70796610650474E-09
5.23686970622267E-09
4.49343236406904E-09
3.94785861351062E-09
3.45034523234365E-09
3.34667981738069E-09
2.85258180637209E-09
2.57541870799838E-09
2.40605231145381E-09
2.37612385344113E-09
2.35231494508298E-09
1.90793203323141E-09
1.81215566288856E-09
1.81215566288856E-09
1.69667415326693E-09
1.69137151493951E-09
1.68539925781202E-09
1.68539925781202E-09
1.67515004001413E-09
1.66478120087078E-09
1.65942967735018E-09
1.65942967735018E-09
1.62495981932144E-09
1.62495981932144E-09
1.62495981932144E-09
1.61718676461574E-09
1.61718676461574E-09
1.61718676461574E-09
1.61174996441092E-09
1.60568207130291E-09
1.60568207130291E-09
1.60568207130291E-09
1.60568207130291E-09
1.60010075285446E-09
1.60010075285446E-09
1.60010075285446E-09
1.60010075285446E-09
1.60010075285446E-09
1.60010075285446E-09
1.60010075285446E-09
1.60010075285446E-09
1.60010075285446E-09
1.60010075285446E-09
1.60010075285446E-09
1.60010075285446E-09
1.60010075285446E-09
1.60010075285446E-09
1.60010075285446E-09
1.60010075285446E-09
1.60010075285446E-09
1.60010075285446E-09
1.60010075285446E-09
1.60010075285446E-09
1.60010075285446E-09
1.60010075285446E-09
1.60010075285446E-09
1.60010075285446E-09
1.60010075285446E-09
1.60010075285446E-09
1.60010075285446E-09
1.60010075285446E-09
1.60010075285446E-09
1.60010075285446E-09
1.60010075285446E-09
1.60010075285446E-09
1.60010075285446E-09
1.60010075285446E-09
1.60010075285446E-09
1.60010075285446E-09
1.60010075285446E-09
1.60010075285446E-09
1.60010075285446E-09
1.60010075285446E-09
1.60010075285446E-09
1.60010075285446E-09
1.60010075285446E-09
1.60010075285446E-09
1.60010075285446E-09
1.60010075285446E-09
1.60010075285446E-09
1.60010075285446E-09
1.60010075285446E-09
1.60010075285446E-09
1.60010075285446E-09
1.60010075285446E-09
1.60010075285446E-09
1.60010075285446E-09
1.60010075285446E-09
1.60010075285446E-09
1.60010075285446E-09
1.60010075285446E-09
1.60010075285446E-09
1.60010075285446E-09
1.60010075285446E-09
1.60010075285446E-09
1.60010075285446E-09
1.60010075285446E-09
1.60010075285446E-09
1.60010075285446E-09
1.60010075285446E-09
1.60010075285446E-09
1.60010075285446E-09
1.60010075285446E-09
1.60010075285446E-09
1.60010075285446E-09
1.60010075285446E-09
1.60010075285446E-09
1.60010075285446E-09
1.60010075285446E-09
1.60010075285446E-09
1.60010075285446E-09
1.60010075285446E-09
1.60010075285446E-09
1.60010075285446E-09
1.60010075285446E-09
1.60010075285446E-09
1.60010075285446E-09
1.60010075285446E-09
1.60010075285446E-09
1.60010075285446E-09
1.60010075285446E-09
1.60010075285446E-09
1.60010075285446E-09
1.60010075285446E-09
1.60010075285446E-09
1.60010075285446E-09
1.60010075285446E-09
1.60010075285446E-09
1.60010075285446E-09
1.60010075285446E-09
1.60010075285446E-09
1.60010075285446E-09
1.60010075285446E-09
1.60010075285446E-09
1.60010075285446E-09
1.60010075285446E-09
1.60010075285446E-09
1.60010075285446E-09
1.60010075285446E-09
1.60010075285446E-09
1.60010075285446E-09
1.60010075285446E-09
1.60010075285446E-09
1.60010075285446E-09
1.60010075285446E-09
1.60010075285446E-09
1.60010075285446E-09
1.60010075285446E-09
1.60010075285446E-09
1.60010075285446E-09
1.60010075285446E-09
1.60010075285446E-09
1.60010075285446E-09
1.60010075285446E-09
1.60010075285446E-09
1.60010075285446E-09
1.60010075285446E-09
1.60010075285446E-09
1.60010075285446E-09
1.60010075285446E-09
1.60010075285446E-09
1.60010075285446E-09
1.60010075285446E-09
1.60010075285446E-09
1.60010075285446E-09
1.60010075285446E-09
1.60010075285446E-09
1.60010075285446E-09
1.60010075285446E-09
1.60010075285446E-09
1.60010075285446E-09
1.60010075285446E-09
1.60010075285446E-09
1.60010075285446E-09
1.60010075285446E-09
1.60010075285446E-09
1.60010075285446E-09
1.60010075285446E-09
1.60010075285446E-09
1.60010075285446E-09
1.60010075285446E-09
1.60010075285446E-09
1.60010075285446E-09
1.60010075285446E-09
1.60010075285446E-09
1.60010075285446E-09
1.60010075285446E-09
1.60010075285446E-09
1.60010075285446E-09
1.60010075285446E-09
1.60010075285446E-09
1.60010075285446E-09
1.60010075285446E-09
1.60010075285446E-09
1.60010075285446E-09
1.60010075285446E-09
1.60010075285446E-09
1.60010075285446E-09
1.60010075285446E-09
