100000
6.68185699255182
6.56326148049374
6.51157831704587
6.47524562176374
6.43949744763473
6.42189306047295
6.39146684525553
6.36566732867221
6.33565800301235
6.29632035356373
6.27511804613017
6.24578113731613
6.22355184037636
6.18622333782748
6.1758186406652
6.15838062043501
6.12723454161401
6.11086871360805
6.09123502129124
6.05635097743115
6.02260422916178
6.01087346881352
5.98403565041219
5.94568404125631
5.91689185270576
5.90732967246031
5.90094506062103
5.88707136411059
5.84471383867499
5.77992985671486
5.73584427942213
5.69999758467743
5.66833952208706
5.60451838082814
5.58655238746838
5.5593984359207
5.52461491966074
5.49771912625671
5.46587094238401
5.44051176919482
5.40159542516596
5.3966148486359
5.35256896847877
5.33929138251747
5.32677212817066
5.2627438632447
5.23557900029876
5.21624819542585
5.20626933611968
5.14578134580306
5.14238472030114
5.11646795113778
5.09129608642013
5.07286338926432
5.03653245917394
5.02571857165025
5.02571857165025
5.01659999014819
5.00249170098538
4.96395781105805
4.95313965406689
4.92886976773381
4.91082044259997
4.89759039610721
4.89271847559611
4.8752575132832
4.82513149106705
4.79202542107114
4.77938243406013
4.77531638177979
4.75301994137106
4.72954926791848
4.72954926791848
4.70197896559516
4.69364359957077
4.69194304634517
4.69194304634517
4.68537343113285
4.68537343113285
4.67815019108941
4.66761524411353
4.66469340476993
4.66469340476993
4.66288454210291
4.65543055999566
4.65543055999566
4.65543055999566
4.6542504256867
4.63669796084868
4.63669796084868
4.62887713393084
4.62887713393084
4.62887713393084
4.62887713393084
4.62887713393084
4.62887713393084
4.62887713393084
4.61823727497168
4.61823727497168
4.61823727497168
4.61564225995802
4.61564225995802
4.61564225995802
4.61564225995802
4.60715593806846
4.60715593806846
4.60715593806846
4.52979916556907
4.52326926885298
4.52326926885298
4.52326926885298
4.51719416354649
4.51719416354649
4.50324501678567
4.50324501678567
4.50324501678567
4.50324501678567
4.50324501678567
4.50324501678567
4.50324501678567
4.49748067097371
4.49748067097371
4.49457823299492
4.49457823299492
4.49457823299492
4.49457823299492
4.49457823299492
4.46112090417388
4.46112090417388
4.4591499971537
4.4591499971537
4.4591499971537
4.4591499971537
4.4591499971537
4.4591499971537
4.4591499971537
4.4591499971537
4.4591499971537
4.4591499971537
4.4591499971537
4.4591499971537
4.4591499971537
4.4591499971537
4.4591499971537
4.4591499971537
4.4591499971537
4.4591499971537
4.4591499971537
4.4591499971537
4.4591499971537
4.4591499971537
4.4591499971537
4.4591499971537
4.4591499971537
4.4591499971537
4.4591499971537
4.4591499971537
4.4591499971537
4.4591499971537
4.4591499971537
4.4591499971537
4.4591499971537
4.4591499971537
4.4591499971537
4.4591499971537
4.4591499971537
4.4591499971537
4.4591499971537
4.4591499971537
4.4591499971537
4.4591499971537
4.4591499971537
4.4591499971537
4.4591499971537
4.4591499971537
4.4591499971537
4.4591499971537
4.4591499971537
4.4591499971537
4.4591499971537
4.4591499971537
4.4591499971537
4.4591499971537
4.4591499971537
4.4591499971537
4.4591499971537
4.4591499971537
4.4591499971537
4.4591499971537
4.4591499971537
4.4591499971537
4.4591499971537
4.4591499971537
4.4591499971537
4.4591499971537
4.4591499971537
4.4591499971537
4.4591499971537
4.4591499971537
4.4591499971537
4.4591499971537
4.4591499971537
4.4591499971537
4.4591499971537
4.4591499971537
4.4591499971537
4.4591499971537
4.4591499971537
4.4591499971537
4.4591499971537
4.4591499971537
4.4591499971537
4.4591499971537
4.4591499971537
4.4591499971537
4.4591499971537
4.4591499971537
4.4591499971537
4.4591499971537
4.4591499971537
4.4591499971537
4.4591499971537
4.4591499971537
4.4591499971537
4.4591499971537
4.4591499971537
4.4591499971537
4.4591499971537
4.4591499971537
4.4591499971537
4.4591499971537
4.4591499971537
4.4591499971537
4.4591499971537
4.4591499971537
4.4591499971537
4.4591499971537
4.4591499971537
4.4591499971537
4.4591499971537
4.4591499971537
4.4591499971537
4.4591499971537
4.4591499971537
4.4591499971537
4.4591499971537
4.4591499971537
4.4591499971537
4.4591499971537
4.4591499971537
4.4591499971537
4.4591499971537
4.4591499971537
4.4591499971537
4.4591499971537
4.4591499971537
4.4591499971537
4.4591499971537
4.4591499971537
4.4591499971537
4.4591499971537
4.4591499971537
4.4591499971537
4.4591499971537
4.4591499971537
4.4591499971537
4.4591499971537
4.4591499971537
4.4591499971537
4.4591499971537
4.4591499971537
4.4591499971537
4.4591499971537
4.4591499971537
4.4591499971537
4.4591499971537
4.4591499971537
4.4591499971537
4.4591499971537
4.4591499971537
4.4591499971537
4.4591499971537
4.4591499971537
4.4591499971537
4.4591499971537
4.4591499971537
4.4591499971537
4.4591499971537
4.4591499971537
4.4591499971537
4.4591499971537
4.4591499971537
4.4591499971537
4.4591499971537
4.4591499971537
4.4591499971537
4.4591499971537
4.4591499971537
4.4591499971537
