100000
100000
100000
100000
100000
100000
100000
100000
100000
100000
100000
100000
100000
100000
100000
100000
100000
100000
100000
100000
100000
100000
100000
100000
100000
100000
100000
100000
100000
100000
100000
100000
100000
99875.9523497147
99875.508563493
99409.7875907303
97443.7512064145
94429.0204779288
88444.6735064542
78413.2044641098
70837.6389509912
64067.0862152427
59433.7888450091
53738.6197896883
49818.3480743921
42949.87767258
39626.2951650574
35218.0723604715
31901.9002619972
29288.9489977702
26033.6026092873
22463.2354125875
20792.3539353756
19218.9801336679
17512.391169652
15798.6381268018
14105.4180597622
12508.3014203871
11527.6563195913
10509.5534492363
9261.9016830493
8452.49473184261
7723.16792541759
7107.44373025189
6464.95442468871
5833.28391384242
5091.45229451559
4557.67083740515
4131.89329556076
3626.03633246977
3255.42674740913
2959.74576842974
2688.82135236783
2490.57089439596
2271.59656586363
2024.98138525198
1858.57429244706
1644.45528286378
1491.40826009828
1329.69329672279
1150.23660719465
1052.56748064782
939.664152107283
876.726979947769
785.055138103341
717.392136097885
626.270517083822
572.841157073977
531.5903063163
484.764595085113
422.809491166048
373.625651446748
337.382560917283
310.904628427789
288.767433206507
243.559800564946
230.601642727918
200.956461329039
179.223055076256
162.952470128279
149.387489492206
132.631156667717
122.113162669157
107.090792213245
96.8483700195074
88.0061689556778
79.6581436869964
74.3200331179097
64.8740054502822
57.5570273409629
51.8601969059306
49.4001547303234
45.1106587087809
41.4126762750484
36.5300730512192
35.1403508898044
34.0088955678524
31.7347933824286
28.3770406161807
26.0973048802123
25.5668949121696
24.2637031626466
22.4297217969734
19.8014805210901
19.2563959898887
18.7092908503623
18.2935891756114
17.9128401894196
17.3026360654555
17.1573411920711
17.0144942715789
16.7012416511788
16.3676715657076
16.3676715657076
16.214697181596
16.0868589503007
16.0623419961114
16.0256538475112
15.9980978348667
15.9980978348667
15.987256479201
15.987256479201
15.987256479201
15.987256479201
15.987256479201
15.987256479201
15.987256479201
15.987256479201
15.987256479201
15.987256479201
15.987256479201
15.987256479201
15.987256479201
15.987256479201
15.987256479201
15.987256479201
15.987256479201
15.987256479201
15.987256479201
15.987256479201
15.987256479201
15.987256479201
15.987256479201
15.987256479201
15.987256479201
15.987256479201
15.987256479201
15.987256479201
15.987256479201
15.987256479201
15.987256479201
15.987256479201
15.987256479201
15.987256479201
15.987256479201
15.987256479201
15.987256479201
15.987256479201
15.987256479201
15.987256479201
15.987256479201
15.987256479201
15.987256479201
15.987256479201
15.987256479201
15.987256479201
15.987256479201
15.987256479201
15.987256479201
15.987256479201
15.987256479201
15.987256479201
15.987256479201
15.987256479201
15.987256479201
15.987256479201
15.987256479201
15.987256479201
15.987256479201
15.987256479201
15.987256479201
15.987256479201
15.987256479201
15.987256479201
15.987256479201
15.987256479201
15.987256479201
15.987256479201
15.987256479201
15.987256479201
15.987256479201
15.987256479201
15.987256479201
15.987256479201
15.987256479201
15.987256479201
15.987256479201
15.987256479201
15.987256479201
15.987256479201
15.987256479201
15.987256479201
15.987256479201
15.987256479201
15.987256479201
15.987256479201
15.987256479201
15.987256479201
15.987256479201
15.987256479201
15.987256479201
15.987256479201
15.987256479201
15.987256479201
15.987256479201
15.987256479201
15.987256479201
15.987256479201
15.987256479201
15.987256479201
15.987256479201
15.987256479201
15.987256479201
15.987256479201
15.987256479201
15.987256479201
15.987256479201
15.987256479201
15.987256479201
15.987256479201
15.987256479201
15.987256479201
15.987256479201
15.987256479201
15.987256479201
15.987256479201
15.987256479201
15.987256479201
15.987256479201
15.987256479201
15.987256479201
15.987256479201
15.987256479201
15.987256479201
15.987256479201
15.987256479201
15.987256479201
15.987256479201
15.987256479201
15.987256479201
15.987256479201
15.987256479201
15.987256479201
15.987256479201
15.987256479201
15.987256479201
15.987256479201
15.987256479201
15.987256479201
15.987256479201
15.987256479201
15.987256479201
15.987256479201
15.987256479201
15.987256479201
15.987256479201
15.987256479201
15.987256479201
15.987256479201
15.987256479201
15.987256479201
15.987256479201
15.987256479201
15.987256479201
15.987256479201
15.987256479201
15.987256479201
15.987256479201
15.987256479201
15.987256479201
