100000
3070.32269707549
3041.58380994038
3037.5000888581
3037.5000888581
3037.5000888581
3037.5000888581
3037.5000888581
3037.5000888581
3037.5000888581
3037.5000888581
3037.5000888581
3037.5000888581
3037.5000888581
3037.5000888581
3037.5000888581
3037.5000888581
3037.5000888581
3037.5000888581
3037.5000888581
3037.5000888581
3037.5000888581
3037.5000888581
3037.5000888581
3037.5000888581
3037.5000888581
3037.5000888581
3037.5000888581
3037.5000888581
3037.5000888581
3031.79617484838
3026.06387916014
3006.42968370098
2917.96576180093
2821.27116678182
2635.08578017237
2488.28081718507
2347.78406470412
2146.02409483033
1991.21302007059
1839.5623721098
1708.460962741
1570.00870502769
1449.39660844976
1300.34493875166
1211.75469931433
1110.92189477277
1010.2483999965
921.211772536515
842.828204492107
751.43151900209
682.891966745958
621.512032200987
566.157336963059
515.199762878688
468.419792476806
433.741162754662
395.206564843754
356.695738965925
322.348377816958
290.749246043353
262.893418942629
237.436888772915
209.592495567634
193.735299605108
179.650501152835
159.539728959941
141.991009318096
130.022904327837
117.363179845023
107.601734235114
96.4851396626681
88.1895749325096
80.584053356796
70.3072536850966
64.8511950303553
57.766689089536
52.5845382564968
47.8426618073018
43.6831120116441
39.9329518331553
36.4307035191942
32.6460191980653
29.335028556728
26.7754586834646
23.6844779327737
21.7145205742468
20.1504759088583
18.5573173614155
16.8844530347454
15.1954161616186
13.9849558428272
12.6161089916752
11.5736946967746
10.3440945944828
9.68055471704942
8.94090953521459
8.06408453436459
7.52130267851166
7.09339662580932
6.71889242761164
6.33852188101408
5.94753219537856
5.69786736845998
5.33036478086315
5.07005290250226
4.90020042492446
4.67676219682793
4.46996352037317
4.31302208726698
4.2098042450558
4.12870188349973
4.06622803782498
3.93741270380206
3.87857844217697
3.82724689941096
3.78943091631725
3.72550329934503
3.6827579577295
3.63133034344689
3.61111624542565
3.58609920639171
3.57806095786386
3.56485788816008
3.56281236045362
3.55792351216851
3.5572481816538
3.55488278533148
3.55488278533148
3.55422604406588
3.5532409387479
3.5532409387479
3.5532409387479
3.5532409387479
3.5532409387479
3.5532409387479
3.5532409387479
3.5532409387479
3.5532409387479
3.5532409387479
3.5532409387479
3.5532409387479
3.5532409387479
3.5532409387479
3.5532409387479
3.5532409387479
3.5532409387479
3.5532409387479
3.5532409387479
3.5532409387479
3.5532409387479
3.5532409387479
3.5532409387479
3.5532409387479
3.5532409387479
3.5532409387479
3.5532409387479
3.5532409387479
3.5532409387479
3.5532409387479
3.5532409387479
3.5532409387479
3.5532409387479
3.5532409387479
3.5532409387479
3.5532409387479
3.5532409387479
3.5532409387479
3.5532409387479
3.5532409387479
3.5532409387479
3.5532409387479
3.5532409387479
3.5532409387479
3.5532409387479
3.5532409387479
3.5532409387479
3.5532409387479
3.5532409387479
3.5532409387479
3.5532409387479
3.5532409387479
3.5532409387479
3.5532409387479
3.5532409387479
3.5532409387479
3.5532409387479
3.5532409387479
3.5532409387479
3.5532409387479
3.5532409387479
3.5532409387479
3.5532409387479
3.5532409387479
3.5532409387479
3.5532409387479
3.5532409387479
3.5532409387479
3.5532409387479
3.5532409387479
3.5532409387479
3.5532409387479
3.5532409387479
3.5532409387479
3.5532409387479
3.5532409387479
3.5532409387479
3.5532409387479
3.5532409387479
3.5532409387479
3.5532409387479
3.5532409387479
3.5532409387479
3.5532409387479
3.5532409387479
3.5532409387479
3.5532409387479
3.5532409387479
3.5532409387479
3.5532409387479
3.5532409387479
3.5532409387479
3.5532409387479
3.5532409387479
3.5532409387479
3.5532409387479
3.5532409387479
3.5532409387479
3.5532409387479
3.5532409387479
3.5532409387479
3.5532409387479
3.5532409387479
3.5532409387479
3.5532409387479
3.5532409387479
3.5532409387479
3.5532409387479
3.5532409387479
3.5532409387479
3.5532409387479
3.5532409387479
3.5532409387479
3.5532409387479
3.5532409387479
3.5532409387479
3.5532409387479
3.5532409387479
3.5532409387479
3.5532409387479
3.5532409387479
3.5532409387479
3.5532409387479
3.5532409387479
3.5532409387479
3.5532409387479
3.5532409387479
3.5532409387479
3.5532409387479
3.5532409387479
3.5532409387479
3.5532409387479
3.5532409387479
3.5532409387479
3.5532409387479
3.5532409387479
3.5532409387479
3.5532409387479
3.5532409387479
3.5532409387479
3.5532409387479
3.5532409387479
3.5532409387479
3.5532409387479
3.5532409387479
3.5532409387479
3.5532409387479
3.5532409387479
3.5532409387479
3.5532409387479
3.5532409387479
3.5532409387479
3.5532409387479
3.5532409387479
3.5532409387479
3.5532409387479
3.5532409387479
3.5532409387479
3.5532409387479
3.5532409387479
3.5532409387479
3.5532409387479
3.5532409387479
3.5532409387479
3.5532409387479
3.5532409387479
3.5532409387479
3.5532409387479
3.5532409387479
3.5532409387479
