100000
11.4828953004958
11.3872775622245
11.3251294915532
11.2747520641762
11.2260183927918
11.1881903437674
11.1439024967373
11.1234465406094
11.0908769176454
11.0534430947733
11.0004925719778
10.9634135285675
10.9550991468427
10.9251002049082
10.8791845934522
10.8532138336142
10.8232034780948
10.7952606647293
10.7838541557918
10.7529993681063
10.730852606911
10.7036734766906
10.6899151248321
10.655883223776
10.6426864078073
10.6121733098154
10.6017373403995
10.5447720267998
10.5119926138192
10.4826404113075
10.4449175255968
10.4022557309236
10.3511594523939
10.3491036639769
10.3192979383312
10.3008876796285
10.2570996617818
10.2324079401422
10.223368979927
10.2068001548336
10.2007446873686
10.1606926076138
10.159389282042
10.1116123903546
10.0915948936666
10.0783291889702
10.0767518060056
10.0767518060056
10.0742709001049
10.0741567239822
10.0386672961708
9.98844532634913
9.94699751656809
9.93337947984281
9.92858261844844
9.92820063077105
9.88886910749742
9.88306957365957
9.86089109379441
9.84036220313087
9.82553477436745
9.79742912358884
9.79742912358884
9.79704231806305
9.76133155801654
9.76133155801654
9.76133155801654
9.74831596856614
9.72951698614668
9.71484680868323
9.68969441612051
9.68933428588084
9.68551928796123
9.68551928796123
9.6827826198678
9.6827826198678
9.6827826198678
9.6827826198678
9.67982775135394
9.67982775135394
9.67982775135394
9.67982775135394
9.67982775135394
9.67982775135394
9.67982775135394
9.67982775135394
9.67982775135394
9.66674647609988
9.66674647609988
9.66674647609988
9.66674647609988
9.66674647609988
9.66674647609988
9.66674647609988
9.66674647609988
9.66674647609988
9.66674647609988
9.66674647609988
9.66674647609988
9.66674647609988
9.66674647609988
9.66674647609988
9.66674647609988
9.66674647609988
9.66674647609988
9.66301213672504
9.66301213672504
9.66202313396044
9.66202313396044
9.66202313396044
9.66202313396044
9.65950952062223
9.65950952062223
9.65950952062223
9.65950952062223
9.65950952062223
9.65950952062223
9.65950952062223
9.65950952062223
9.65950952062223
9.65950952062223
9.65950952062223
9.65357663633725
9.64953437577961
9.64953437577961
9.64953437577961
9.64953437577961
9.64953437577961
9.64953437577961
9.64953437577961
9.64953437577961
9.64822802181994
9.64822802181994
9.64822802181994
9.64822802181994
9.64822802181994
9.64822802181994
9.63897402539669
9.63897402539669
9.63897402539669
9.63897402539669
9.63897402539669
9.63897402539669
9.63897402539669
9.63897402539669
9.63897402539669
9.63897402539669
9.63897402539669
9.63897402539669
9.63897402539669
9.63897402539669
9.63897402539669
9.63897402539669
9.63897402539669
9.63897402539669
9.63897402539669
9.63897402539669
9.63897402539669
9.63897402539669
9.63897402539669
9.63897402539669
9.63897402539669
9.63897402539669
9.63897402539669
9.63897402539669
9.63897402539669
9.63897402539669
9.63897402539669
9.63897402539669
9.63897402539669
9.63897402539669
9.63897402539669
9.63897402539669
9.63897402539669
9.63897402539669
9.63897402539669
9.63897402539669
9.63897402539669
9.63897402539669
9.63897402539669
9.63897402539669
9.63897402539669
9.63897402539669
9.63897402539669
9.63897402539669
9.63897402539669
9.63897402539669
9.63897402539669
9.63897402539669
9.63897402539669
9.63897402539669
9.63897402539669
9.63897402539669
9.63897402539669
9.63897402539669
9.63897402539669
9.63897402539669
9.63897402539669
9.63897402539669
9.63897402539669
9.63897402539669
9.63897402539669
9.63897402539669
9.63897402539669
9.63897402539669
9.63897402539669
9.63897402539669
9.63897402539669
9.63897402539669
9.63897402539669
9.63897402539669
9.63897402539669
9.63897402539669
9.63897402539669
9.63897402539669
9.63897402539669
9.63897402539669
9.63897402539669
9.63897402539669
9.63897402539669
9.63897402539669
9.63897402539669
9.63897402539669
9.63897402539669
9.63897402539669
9.63897402539669
9.63897402539669
9.63897402539669
9.63897402539669
9.63897402539669
9.63897402539669
9.63897402539669
9.63897402539669
9.63897402539669
9.63897402539669
9.63897402539669
9.63897402539669
9.63897402539669
9.63897402539669
9.63897402539669
9.63897402539669
9.63897402539669
9.63897402539669
9.63897402539669
9.63897402539669
9.63897402539669
9.63897402539669
9.63897402539669
9.63897402539669
9.63897402539669
9.63897402539669
9.63897402539669
9.63897402539669
9.63897402539669
9.63897402539669
9.63897402539669
9.63897402539669
9.63897402539669
9.63897402539669
9.63897402539669
9.63897402539669
9.63897402539669
9.63897402539669
9.63897402539669
9.63897402539669
9.63897402539669
9.63897402539669
9.63897402539669
9.63897402539669
9.63897402539669
9.63897402539669
9.63897402539669
9.63897402539669
9.63897402539669
9.63897402539669
9.63897402539669
9.63897402539669
9.63897402539669
9.63897402539669
9.63897402539669
9.63897402539669
9.63897402539669
9.63897402539669
9.63897402539669
9.63897402539669
9.63897402539669
9.63897402539669
9.63897402539669
9.63897402539669
9.63897402539669
9.63897402539669
9.63897402539669
9.63897402539669
9.63897402539669
9.63897402539669
9.63897402539669
9.63897402539669
9.63897402539669
9.63897402539669
