100000
100000
100000
100000
100000
100000
100000
100000
100000
98227.1717244019
98227.1717244019
98227.1717244019
96661.1299463731
92674.0025017875
79194.673613377
57347.722858012
28188.5021088234
3427.57947321518
620.226340309379
167.43625731313
87.8921189534121
74.2393161540675
69.2338022513895
66.0009613272366
62.5736034716543
58.9589333141806
55.9749702491232
53.0116180512859
50.1941484377192
47.9108439841414
44.9815523357701
42.9516018445667
41.2503495776506
39.3443982013653
37.4820120708485
35.776770922205
33.3778274983201
31.9419578971534
30.0066388331275
28.5817663985207
27.3427547232098
25.9234931308096
24.6065154645469
23.4116991281151
22.2683289623507
21.1894486321604
20.2636712594268
19.298855432626
18.348354548701
17.2829758340053
16.4694243126991
15.6411609651396
14.6737868407682
14.0311328069539
13.3968850008119
12.5109005494867
11.9469217615771
11.3331611026559
10.8382688419853
10.2906517344158
9.85689893994891
9.37000226285354
8.92254635505787
8.41789593393665
8.02665521219435
7.57573946991208
7.17648950178232
6.88382491011217
6.50877119525318
6.22513386872864
5.92959864973355
5.59623430403723
5.27109117644509
5.07226018205088
4.79191819939884
4.53994259493618
4.29531394603322
4.08093696470309
3.88880286272099
3.68739506491459
3.52950144128883
3.33534995603979
3.18010229874291
3.00678231120417
2.84233244059872
2.70604704904178
2.59179749026542
2.46732644705905
2.33074272740365
2.22900291583845
2.10215145356123
1.99073223162611
1.88104691566786
1.79382423816828
1.71334152203017
1.63361686008402
1.54828206371002
1.45732096327672
1.40042209351346
1.32806757821222
1.25630372897307
1.20828591193061
1.14282774354256
1.07673612342907
1.02004588550002
0.968715110037706
0.92607500320453
0.879172671265529
0.84202572079884
0.79469218359462
0.754778140881682
0.713256349976333
0.678296426181911
0.646474472197142
0.616233515786763
0.584903893971059
0.557493616321883
0.527479850981811
0.496432745065379
0.474032286535694
0.452176245913114
0.432767247120366
0.408969771559651
0.383797399572827
0.369848771621821
0.345174202899078
0.330009071545292
0.313586950079614
0.300155982889522
0.281656089571569
0.269766662835063
0.256304745687053
0.240417050410614
0.230643099458672
0.219927557279041
0.210728821418317
0.198570545704124
0.188193330299444
0.179265609916953
0.170968556717141
0.16169187902359
0.152914198723033
0.144554102321278
0.139012209618454
0.132251921057413
0.125382512659126
0.118161073988244
0.112642194948212
0.107425193097308
0.101798374306267
0.0960258405263279
0.0915141623434785
0.0878585092997035
0.0831670871121493
0.0783502200952882
0.0759183014440392
0.0711095907512629
0.0670881414291933
0.0645617677008009
0.0609642635470143
0.057776282195011
0.0547686011044835
0.0526929151890707
0.049628621656493
0.0477564940728832
0.0454958971664171
0.042964720572052
0.0404960195992239
0.0384497298492397
0.0363334876253681
0.0349432433393294
0.0329809720250415
0.0310794508476903
0.029934774790116
0.0282151284498244
0.0267705916580598
0.0254723666782502
0.0244676784833624
0.0231263323851157
0.0216981594162319
0.0207460449419071
0.0198605036780176
0.0187517857816171
0.0179169683729392
0.0167784070322662
0.0159370186616895
0.0152248587943356
0.0145507140848592
0.0138394600743206
0.0131996878235996
0.0124975944409925
0.0120076221901372
0.0112668937513506
0.0106729378158215
0.0101616652383995
0.00958678082065063
0.00901145571255686
0.00862546713509672
0.0082620112048625
0.0078823048545656
0.0074383481322223
0.00711641929923622
0.00675266924591059
0.00645057849045409
0.00611785470987366
0.00575325352348891
0.0054575284654896
0.00522727311661488
0.00500657028575041
0.00473941533560197
0.00446247081043709
0.00417311108156825
0.00401501345804002
0.00381643503549863
0.003645863207304
0.00347257604846899
0.00329730768130539
0.00313887854155096
0.00296259714010874
0.00278037053796807
0.00265281071494058
0.00253496476869615
0.00241615025724459
0.00229074381232358
0.00219341024645104
0.00206880367464777
0.00196898426463325
0.0018683791862304
0.00178201534092318
0.00169763069705545
0.001606556783228
0.00151752357518342
0.00143822690678753
0.00137722620280808
0.00129802272287024
0.00124025171222527
0.0011749980364017
0.00112231222289481
0.00105418276637322
0.00100414991232673
0.000958065688766231
0.000909917932256861
0.000868339953406166
0.000818682443336977
0.000776046454932656
0.000736888609706179
0.000695546926392588
0.000665068487087353
0.000631582102128706
0.000604722770632706
0.000573622393307616
0.000545815310279371
0.000520857649183486
0.000494067076116355
0.000470029329281875
0.000442959054596442
0.000419378344946724
0.000398302161694023
0.000380594695027164
0.000360208529871522
0.000340685780511541
0.000326685798126033
0.000309795010631237
0.000294636069845038
0.000280684029620836
0.000266663141192913
0.000250706225769175
0.000241266620384973
0.000228634546324418
0.000217009890999932
0.000206680696911936
0.000195615433685609
0.000184709772146717
0.000176759179630824
0.000168237420491714
0.000160181698973089
0.000152159386408769
0.000144589017034347
0.000138617111657119
0.000130229276019729
0.00012332943069969
0.000115956890920376
0.000111193356246928
0.000105173971437897
0.000100782690020376
9.53904234810825E-05
9.05411159313677E-05
8.57889248359876E-05
8.23687846808495E-05
7.77912087769913E-05
7.35195147529801E-05
7.00524355956663E-05
6.71307758635935E-05
6.34037576328794E-05
5.99641757499909E-05
5.66680489841517E-05
5.42097878400425E-05
5.1522302163559E-05
4.93519553467318E-05
4.68834615887839E-05
