100000
-3.09592224368814
-3.62506149761465
-4.11776253046083
-4.37011047410613
-4.58713666258566
-4.85394084630528
-5.19236412480898
-5.47686837216913
-5.75410116057111
-5.86247094414901
-6.00528844396528
-6.20503231926677
-6.27869017442574
-6.47921655378079
-6.70353717816672
-6.94864851602122
-7.5268561059562
-8.04328614749581
-8.79512064219119
-9.32244798989248
-10.0928994473007
-10.4452770078941
-10.6559341055378
-10.7400904235251
-10.7641342269116
-10.7641342269116
-10.7641342269116
-10.7641342269116
-10.7641342269116
-10.7641342269116
-10.7641342269116
-10.7641342269116
-10.7641342269116
-10.7641342269116
-10.7641342269116
-10.7641342269116
-10.7641342269116
-10.7641342269116
-10.7641342269116
-10.7641342269116
-10.7641342269116
-10.7641342269116
-10.7641342269116
-10.7976279858544
-11.0361113336698
-11.4011126510082
-12.1120849202055
-12.8636474297341
-14.5027611444891
-15.5775159215942
-16.5197179814496
-17.7159708389809
-18.7013646423289
-19.5939305503426
-20.54801309444
-21.2301719940063
-21.818265586033
-22.4078226113512
-22.9599995121239
-23.4811943853342
-24.0380089972902
-24.5755214144316
-24.9506275360622
-25.3097061495693
-25.7031525110108
-25.9727472401461
-26.3137504431746
-26.5265888967854
-26.7691507795449
-26.9265280458376
-27.1504600433446
-27.3551038034781
-27.5080345545799
-27.6333495408266
-27.7683552121376
-27.9126630240666
-27.9845541437475
-28.0708910280678
-28.1752762036141
-28.243733503387
-28.3071685664985
-28.3864948065213
-28.4470243933905
-28.4986002820201
-28.5360215268817
-28.5751287657571
-28.6162594088415
-28.6531842601673
-28.672639590828
-28.6963605242062
-28.7290744467438
-28.7493805392524
-28.7716418951574
-28.7971118518971
-28.8095302505058
-28.8251488894142
-28.8351139265513
-28.8496763606782
-28.8616815182712
-28.8676452472595
-28.8754818179253
-28.8841163912759
-28.8901772523864
-28.8933324988152
-28.8995199853133
-28.9047623577024
-28.9082217585431
-28.9102226363155
-28.9145584017697
-28.9174149404291
-28.9191607125243
-28.9203816085864
-28.9219054664312
-28.9223162789539
-28.9233617123326
-28.9259519922577
-28.9269221822978
-28.9280098557729
-28.9286338569707
-28.9286497972804
-28.9289713484484
-28.9292545017428
-28.9292545017428
-28.9292981972998
-28.9293598159963
-28.9296251204174
-28.9296900719772
-28.9296900719772
-28.9296923340483
-28.9297174508333
-28.9297174508333
-28.9297174508333
-28.9297174508333
-28.9297174508333
-28.9297174508333
-28.9297174508333
-28.9297174508333
-28.9297174508333
-28.9297174508333
-28.9297174508333
-28.9297174508333
-28.9297174508333
-28.9297174508333
-28.9297174508333
-28.9297174508333
-28.9297174508333
-28.9297174508333
-28.9297174508333
-28.9297174508333
-28.9297174508333
-28.9297174508333
-28.9297174508333
-28.9297174508333
-28.9297174508333
-28.9297174508333
-28.9297174508333
-28.9297174508333
-28.9297174508333
-28.9297174508333
-28.9297174508333
-28.9297174508333
-28.9297174508333
-28.9297174508333
-28.9297174508333
-28.9297174508333
-28.9297174508333
-28.9297174508333
-28.9297174508333
-28.9297174508333
-28.9297174508333
-28.9297174508333
-28.9297174508333
-28.9297174508333
-28.9297174508333
-28.9297174508333
-28.9297174508333
-28.9297174508333
-28.9297174508333
-28.9297174508333
-28.9297174508333
-28.9297174508333
-28.9297174508333
-28.9297174508333
-28.9297174508333
-28.9297174508333
-28.9297174508333
-28.9297174508333
-28.9297174508333
-28.9297174508333
-28.9297174508333
-28.9297174508333
-28.9297174508333
-28.9297174508333
-28.9297174508333
-28.9297174508333
-28.9297174508333
-28.9297174508333
-28.9297174508333
-28.9297174508333
-28.9297174508333
-28.9297174508333
-28.9297174508333
-28.9297174508333
-28.9297174508333
-28.9297174508333
-28.9297174508333
-28.9297174508333
-28.9297174508333
-28.9297174508333
-28.9297174508333
-28.9297174508333
-28.9297174508333
-28.9297174508333
-28.9297174508333
-28.9297174508333
-28.9297174508333
-28.9297174508333
-28.9297174508333
-28.9297174508333
-28.9297174508333
-28.9297174508333
-28.9297174508333
-28.9297174508333
-28.9297174508333
-28.9297174508333
-28.9297174508333
-28.9297174508333
-28.9297174508333
-28.9297174508333
-28.9297174508333
-28.9297174508333
-28.9297174508333
-28.9297174508333
-28.9297174508333
-28.9297174508333
-28.9297174508333
-28.9297174508333
-28.9297174508333
-28.9297174508333
-28.9297174508333
-28.9297174508333
-28.9297174508333
-28.9297174508333
-28.9297174508333
-28.9297174508333
-28.9297174508333
-28.9297174508333
-28.9297174508333
-28.9297174508333
-28.9297174508333
-28.9297174508333
-28.9297174508333
-28.9297174508333
-28.9297174508333
-28.9297174508333
-28.9297174508333
-28.9297174508333
-28.9297174508333
-28.9297174508333
-28.9297174508333
-28.9297174508333
-28.9297174508333
-28.9297174508333
-28.9297174508333
-28.9297174508333
-28.9297174508333
-28.9297174508333
-28.9297174508333
-28.9297174508333
-28.9297174508333
-28.9297174508333
-28.9297174508333
-28.9297174508333
-28.9297174508333
-28.9297174508333
-28.9297174508333
-28.9297174508333
-28.9297174508333
-28.9297174508333
-28.9297174508333
-28.9297174508333
-28.9297174508333
-28.9297174508333
-28.9297174508333
-28.9297174508333
-28.9297174508333
-28.9297174508333
-28.9297174508333
-28.9297174508333
-28.9297174508333
-28.9297174508333
-28.9297174508333
-28.9297174508333
-28.9297174508333
-28.9297174508333
-28.9297174508333
-28.9297174508333
-28.9297174508333
-28.9297174508333
