100000
410.668958790632
395.67448028792
378.976293716649
356.868353987804
340.393606172197
328.668457688471
320.637607900983
309.997681687209
297.131813867182
282.232298720516
273.78116590978
269.369511277452
265.374172816995
261.584794127993
251.552100979712
242.950873645351
230.249766976941
222.775656042827
220.902187141303
220.360649216925
219.179530828139
218.510591946989
217.560958547152
214.66575663611
209.314415143362
202.682462207905
193.051126904559
186.749564756861
178.425134314267
171.545459655648
168.453795084064
168.083374528049
168.052551873943
168.052551873943
168.052551873943
167.987787299215
167.987787299215
167.987787299215
167.987787299215
167.987787299215
167.987787299215
167.987787299215
167.987787299215
167.987787299215
167.987787299215
167.28024074276
165.872407977423
163.869223563893
158.842117950165
153.860177395065
144.460467842362
132.852177288765
122.108378372207
112.572175853032
103.252530681355
93.3801798020057
87.8461812843273
80.05289977303
73.1914624742071
67.457991795205
61.5182538352987
56.0449488798098
50.4466270875002
45.3777081126942
41.687284769014
37.9963371588431
34.4091390773781
31.7790889485374
28.6091049508263
25.8139994736639
23.4313395948328
21.4428091455413
19.1160203413554
17.0606155737428
15.8656736238262
14.4337315706029
13.0418414780519
11.7764566445621
10.6600015881567
9.68161846038393
8.68847032230474
7.9407687782822
7.05871833983594
6.35138119643631
5.75011340644346
5.31140801349017
4.91117809511925
4.46293957101393
4.01905298007642
3.69212818542199
3.36946666450612
3.18533390957846
2.84656327332682
2.65373491440647
2.3822914224291
2.18121942086081
2.01694363532212
1.89241519113055
1.78839352128679
1.71263114223141
1.57278564163982
1.51736216893131
1.44759394964832
1.32000691601955
1.25818230869031
1.19894435607437
1.14587960654629
1.1262318592357
1.07813597466223
1.0338385240325
1.00755043755785
0.977163032250015
0.968010043855887
0.949201416091233
0.929165773475365
0.924459175305758
0.920171525620447
0.909577186810327
0.906567830628711
0.900925728409711
0.894448726943838
0.889754248823943
0.88631047912223
0.885179170410331
0.885179170410331
0.88380786745722
0.88380786745722
0.88380786745722
0.88380786745722
0.88380786745722
0.882071099171847
0.882071099171847
0.882071099171847
0.882071099171847
0.882071099171847
0.882071099171847
0.882071099171847
0.882071099171847
0.882071099171847
0.882071099171847
0.882071099171847
0.882071099171847
0.882071099171847
0.882071099171847
0.882071099171847
0.882071099171847
0.882071099171847
0.882071099171847
0.882071099171847
0.882071099171847
0.882071099171847
0.882071099171847
0.882071099171847
0.882071099171847
0.882071099171847
0.882071099171847
0.882071099171847
0.882071099171847
0.882071099171847
0.882071099171847
0.882071099171847
0.882071099171847
0.882071099171847
0.882071099171847
0.882071099171847
0.882071099171847
0.882071099171847
0.882071099171847
0.882071099171847
0.882071099171847
0.882071099171847
0.882071099171847
0.882071099171847
0.882071099171847
0.882071099171847
0.882071099171847
0.882071099171847
0.882071099171847
0.882071099171847
0.882071099171847
0.882071099171847
0.882071099171847
0.882071099171847
0.882071099171847
0.882071099171847
0.882071099171847
0.882071099171847
0.882071099171847
0.882071099171847
0.882071099171847
0.882071099171847
0.882071099171847
0.882071099171847
0.882071099171847
0.882071099171847
0.882071099171847
0.882071099171847
0.882071099171847
0.882071099171847
0.882071099171847
0.882071099171847
0.882071099171847
0.882071099171847
0.882071099171847
0.882071099171847
0.882071099171847
0.882071099171847
0.882071099171847
0.882071099171847
0.882071099171847
0.882071099171847
0.882071099171847
0.882071099171847
0.882071099171847
0.882071099171847
0.882071099171847
0.882071099171847
0.882071099171847
0.882071099171847
0.882071099171847
0.882071099171847
0.882071099171847
0.882071099171847
0.882071099171847
0.882071099171847
0.882071099171847
0.882071099171847
0.882071099171847
0.882071099171847
0.882071099171847
0.882071099171847
0.882071099171847
0.882071099171847
0.882071099171847
0.882071099171847
0.882071099171847
0.882071099171847
0.882071099171847
0.882071099171847
0.882071099171847
0.882071099171847
0.882071099171847
0.882071099171847
0.882071099171847
0.882071099171847
0.882071099171847
0.882071099171847
0.882071099171847
0.882071099171847
0.882071099171847
0.882071099171847
0.882071099171847
0.882071099171847
0.882071099171847
0.882071099171847
0.882071099171847
0.882071099171847
0.882071099171847
0.882071099171847
0.882071099171847
0.882071099171847
0.882071099171847
0.882071099171847
0.882071099171847
0.882071099171847
0.882071099171847
0.882071099171847
0.882071099171847
0.882071099171847
0.882071099171847
0.882071099171847
0.882071099171847
0.882071099171847
0.882071099171847
0.882071099171847
0.882071099171847
0.882071099171847
0.882071099171847
0.882071099171847
0.882071099171847
0.882071099171847
0.882071099171847
0.882071099171847
0.882071099171847
0.882071099171847
0.882071099171847
0.882071099171847
0.882071099171847
0.882071099171847
0.882071099171847
0.882071099171847
0.882071099171847
0.882071099171847
0.882071099171847
0.882071099171847
0.882071099171847
0.882071099171847
0.882071099171847
0.882071099171847
