100000
100000
100000
100000
99834.9054419187
99834.9054419187
99247.3249912187
98054.9934917511
97559.5797871884
94467.6659811002
91753.3765613357
88191.7648406714
83107.8261519076
79497.2697036077
73204.0966613838
64009.4203000146
57024.3847607136
50896.5823382101
46846.7087849478
41662.6033043168
37541.8625224564
33237.7779432385
29513.318773551
27004.9895110989
24508.3809234293
21456.2584569398
19041.5894286525
17445.3321213603
15613.4851884843
14007.1978113027
12942.3831297345
11696.7311452595
10357.4454982826
9109.58557012123
8362.94333605749
7381.71306810221
6801.64559429579
6281.60844727039
5542.59684910576
4849.85761668353
4425.02211986959
3804.91655764065
3433.71905564071
3126.73177764346
2748.5258579443
2474.52285533604
2170.55545268396
1950.0905953149
1769.19562348687
1500.24590306153
1224.50833277289
1149.5617509419
927.99741419149
817.7414502075
687.74201953423
531.533810372522
440.36129539913
357.491122959075
289.649744120692
215.621143991289
165.381991976231
108.750349742631
35.8964807670345
-12.6024036986626
-43.3031306494762
-72.5140531267384
-99.3967268688716
-134.857656392403
-178.173615733726
-204.929737507811
-228.089268526592
-254.641839214578
-275.815249646786
-286.797301694994
-304.32824210305
-317.832040552004
-330.640129535665
-340.441611588405
-353.037717196776
-360.880748631747
-367.487546972145
-376.380173166206
-384.579063570196
-392.116594687753
-397.605780183226
-400.446750549101
-403.520478688455
-408.430277447815
-414.171137813216
-418.341669005706
-421.166383887824
-424.157603819804
-427.243348555788
-430.358284702541
-431.483864542824
-433.488293245797
-434.815531710411
-435.682915114946
-437.402391966784
-438.767627022977
-439.650731804531
-440.597918800291
-441.498280913057
-442.504420634264
-443.238722746024
-443.986607594597
-444.484996040927
-444.999132647839
-445.667361790793
-445.963281006841
-446.300098234935
-446.789562070269
-446.954476566382
-447.433142290201
-447.656899960887
-447.851853442833
-448.067458473762
-448.24946668367
-448.398511575164
-448.501065795237
-448.679412388455
-448.797089705571
-448.879623326355
-448.975067961777
-449.12199201753
-449.195067888382
-449.255042789727
-449.337016136932
-449.411541929108
-449.456798900921
-449.509159603913
-449.561073715615
-449.61352829754
-449.651578862208
-449.671177049789
-449.707181824582
-449.742021700182
-449.765111156892
-449.792756726621
-449.811973654124
-449.833205485941
-449.854605521675
-449.865601203347
-449.884710129713
-449.890312490754
-449.899908782282
-449.911424362758
-449.922017666776
-449.931123913487
-449.937603513888
-449.941832393794
-449.945588376086
-449.949636446607
-449.955646308356
-449.960213353555
-449.964986425428
-449.966957369349
-449.970754763325
-449.974114645428
-449.976077710494
-449.978430032615
-449.980349103985
-449.982338167821
-449.98383179501
-449.985118062774
-449.986256967248
-449.987948248092
-449.989844866804
-449.990809534101
-449.991826489071
-449.992754742196
-449.99325789477
-449.993666117985
-449.99413772895
-449.994899143585
-449.995419103588
-449.996019812842
-449.996372570857
-449.996623807381
-449.996931465883
-449.997172577219
-449.997427160774
-449.997635362188
-449.997949612537
-449.998167287304
-449.998316836617
-449.998529459639
-449.998682813325
-449.998814060942
-449.998929016155
-449.999041856703
-449.999140224455
-449.999213787114
-449.999275509112
-449.999318373658
-449.99939312145
-449.999456880408
-449.99951732755
-449.999580042905
-449.999601046911
-449.999653454952
-449.999686776219
-449.999708430949
-449.999739740713
-449.999773024049
-449.999796185091
-449.999814765938
-449.999840559986
-449.999848970468
-449.999864787438
-449.999878258115
-449.999888062171
-449.999898081461
-449.999909347092
-449.999919929853
-449.999924338372
-449.999931226196
-449.999937781044
-449.999942006587
-449.999948960574
-449.999956086587
-449.999961625264
-449.999964860786
-449.999967821212
-449.999970747413
-449.999973822391
-449.999975765156
-449.999977561628
-449.999979880691
-449.999981787847
-449.999983741922
-449.999985484476
-449.999986922409
-449.999988155335
-449.999989578492
-449.999990541803
-449.999990990404
-449.999991588376
-449.999992567717
-449.999993266181
-449.999994224667
-449.999994787174
-449.999995379457
-449.999995699249
-449.999996065667
-449.999996347751
-449.999996816048
-449.999997080185
-449.999997439269
-449.999997615152
-449.99999787044
-449.999998073832
-449.999998306885
-449.999998483999
-449.999998663196
-449.999998808561
-449.999998898766
-449.999998979383
-449.999999067555
-449.999999155856
-449.999999272508
-449.999999328112
-449.999999395918
-449.999999448728
-449.99999950177
-449.999999561617
-449.999999587902
-449.999999637061
-449.999999669737
-449.999999695466
-449.99999972057
-449.999999744164
-449.999999764009
-449.999999791368
-449.999999817752
-449.999999834804
-449.99999984622
-449.99999986106
-449.999999871128
-449.999999884884
-449.999999897721
-449.999999909418
-449.999999919842
-449.999999928694
-449.99999993656
-449.999999943726
-449.999999948668
-449.999999954087
-449.999999956953
-449.999999962627
-449.999999967781
-449.999999970905
-449.999999972318
-449.999999975266
-449.999999977521
-449.999999979683
-449.999999981474
-449.999999982928
-449.99999998514
-449.999999986056
