100000
86.6730663597171
83.5811640892437
80.7420701226496
77.7717403629683
75.891592120578
73.5830449521487
71.437712653555
69.8397625943186
68.8164541345086
68.0825300694107
66.9836990618711
65.9068605393218
64.3059039472282
62.8545286381284
61.5047764120998
59.8531228460166
58.6843427464468
57.2368916753355
56.0140696294264
54.4488400337851
52.8082871761837
50.7031866334604
48.5830831412644
46.5559221870234
44.662057920065
42.8844923154846
41.6630726800332
40.1743065459144
38.8541896491608
37.7886796536596
36.9530883616059
36.1834061187853
35.5046830008736
34.5089301162649
33.7872480366442
32.6843417577544
31.7830350542586
31.0266258934563
30.3350524462823
29.5571387755512
28.5290244562507
27.7520859942682
26.4689823742998
25.1246277951975
24.166510773882
23.2357072028985
22.5864139145261
21.5571640353282
20.9292149740201
20.2618245482334
19.6664550570108
19.097058471576
18.5589319366903
18.2008657854218
17.8429353154051
17.3325705854882
16.7504447628357
16.3779006744162
16.0325562265649
15.5102723341612
15.0034048379944
14.5415732489948
14.0502425591586
13.5957454613516
13.0682408454709
12.5443740907451
12.0235982124357
11.4897776877319
11.0456026435703
10.6617409230484
10.3433063946392
9.98995990744506
9.69997233060882
9.52121949627968
9.32118734390849
9.06499757081516
8.85350183391454
8.64160193423502
8.40777970906208
8.08714669849544
7.87834970966166
7.62711447758072
7.38670279307349
7.08938237229562
6.85390345149174
6.66723320581237
6.48084279689791
6.26735740146255
6.09453331716627
5.91078203869927
5.72936340578759
5.53752495859821
5.32286198355254
5.21455880255542
5.04819583310787
4.90601168233825
4.7663303541406
4.65098189587281
4.51977880686826
4.41484595852637
4.3243837821739
4.24336720645315
4.14817483738553
4.06103915616293
4.0179368455113
3.98536348120791
3.94520956856529
3.89860338701738
3.88355403137632
3.85351882459382
3.82079044783075
3.7975710008327
3.78804406221912
3.77254534965679
3.75976085143179
3.75024701934736
3.74228042542419
3.73847292462895
3.73390330683181
3.72396687562667
3.71953709863717
3.71923644981463
3.71923644981463
3.71882641613269
3.71882641613269
3.71882641613269
3.71765816858098
3.71765816858098
3.71721550940819
3.71721550940819
3.71721550940819
3.71721550940819
3.71721550940819
3.71721550940819
3.71721550940819
3.71721550940819
3.71721550940819
3.71721550940819
3.71721550940819
3.71721550940819
3.71721550940819
3.71721550940819
3.71721550940819
3.71721550940819
3.71721550940819
3.71721550940819
3.71721550940819
3.71721550940819
3.71721550940819
3.71721550940819
3.71721550940819
3.71721550940819
3.71721550940819
3.71721550940819
3.71721550940819
3.71721550940819
3.71721550940819
3.71721550940819
3.71721550940819
3.71721550940819
3.71721550940819
3.71721550940819
3.71721550940819
3.71721550940819
3.71721550940819
3.71721550940819
3.71721550940819
3.71721550940819
3.71721550940819
3.71721550940819
3.71721550940819
3.71721550940819
3.71721550940819
3.71721550940819
3.71721550940819
3.71721550940819
3.71721550940819
3.71721550940819
3.71721550940819
3.71721550940819
3.71721550940819
3.71721550940819
3.71721550940819
3.71721550940819
3.71721550940819
3.71721550940819
3.71721550940819
3.71721550940819
3.71721550940819
3.71721550940819
3.71721550940819
3.71721550940819
3.71721550940819
3.71721550940819
3.71721550940819
3.71721550940819
3.71721550940819
3.71721550940819
3.71721550940819
3.71721550940819
3.71721550940819
3.71721550940819
3.71721550940819
3.71721550940819
3.71721550940819
3.71721550940819
3.71721550940819
3.71721550940819
3.71721550940819
3.71721550940819
3.71721550940819
3.71721550940819
3.71721550940819
3.71721550940819
3.71721550940819
3.71721550940819
3.71721550940819
3.71721550940819
3.71721550940819
3.71721550940819
3.71721550940819
3.71721550940819
3.71721550940819
3.71721550940819
3.71721550940819
3.71721550940819
3.71721550940819
3.71721550940819
3.71721550940819
3.71721550940819
3.71721550940819
3.71721550940819
3.71721550940819
3.71721550940819
3.71721550940819
3.71721550940819
3.71721550940819
3.71721550940819
3.71721550940819
3.71721550940819
3.71721550940819
3.71721550940819
3.71721550940819
3.71721550940819
3.71721550940819
3.71721550940819
3.71721550940819
3.71721550940819
3.71721550940819
3.71721550940819
3.71721550940819
3.71721550940819
3.71721550940819
3.71721550940819
3.71721550940819
3.71721550940819
3.71721550940819
3.71721550940819
3.71721550940819
3.71721550940819
3.71721550940819
3.71721550940819
3.71721550940819
3.71721550940819
3.71721550940819
3.71721550940819
3.71721550940819
3.71721550940819
3.71721550940819
3.71721550940819
3.71721550940819
3.71721550940819
3.71721550940819
3.71721550940819
3.71721550940819
3.71721550940819
3.71721550940819
3.71721550940819
3.71721550940819
3.71721550940819
3.71721550940819
3.71721550940819
3.71721550940819
3.71721550940819
3.71721550940819
3.71721550940819
3.71721550940819
3.71721550940819
3.71721550940819
3.71721550940819
3.71721550940819
3.71721550940819
3.71721550940819
3.71721550940819
3.71721550940819
3.71721550940819
3.71721550940819
3.71721550940819
3.71721550940819
