100000
64678.2721334895
56270.4176211952
50405.6623213675
46574.6298554842
41865.7005845482
37230.7657960537
34398.1160960635
30103.957776361
26665.7346340052
25078.6451132033
22410.4896455007
19959.2501314849
17633.4379719518
16382.0404899981
14731.3230870765
13497.6079697128
11911.907857237
10636.0980901614
9603.22640441651
8517.00667278658
7652.29140571079
6787.93537005602
6130.72180421944
5407.99947124005
4823.37268942982
4408.94354486461
3929.2891528269
3523.50465245975
3098.60982994763
2778.25354476576
2443.58590447542
2189.38612142696
1912.11604182424
1724.16881600514
1513.9540083387
1268.40170440419
1120.48721356006
958.899895810211
828.689615471928
687.293362256741
559.06580496871
489.128164103528
396.046918745435
295.12285060036
239.456725640436
169.722948616067
119.867810592704
65.4292256030356
11.9926590323934
-37.071372241374
-76.2332602679737
-114.371898945075
-146.572609413608
-175.311355161483
-195.803021945367
-222.400246881996
-249.569334753068
-272.686228006285
-285.90446326249
-301.258639355986
-315.378084645426
-330.202158316223
-340.704268409361
-352.319320163886
-360.710303751924
-369.503070214082
-377.439139998672
-382.934501547916
-390.405887565552
-396.484376625964
-401.955513659117
-406.661739384292
-409.448651795947
-412.933317125775
-417.463371942851
-420.591760337312
-422.982391745798
-425.53187011482
-427.73450477865
-430.162254500652
-432.407307031859
-433.89914684159
-435.271414404318
-436.58161385006
-438.184482065642
-439.127515948868
-439.97472452995
-440.915329728282
-441.664225666087
-442.524333344243
-443.154167814526
-443.561093849866
-444.107210191275
-444.596327721451
-444.926888566808
-445.368402835433
-445.688101558347
-446.062686724527
-446.418031228669
-446.628457643519
-446.867843728546
-447.000098697562
-447.114815343703
-447.265284609927
-447.391704004739
-447.520891388849
-447.63589309711
-447.738806291478
-447.800592954097
-447.878538201458
-447.9412532568
-447.981501925768
-448.014605629835
-448.049320298408
-448.082918819896
-448.127460257365
-448.148358877542
-448.15715327999
-448.168712807076
-448.176743890843
-448.187714945441
-448.188916906013
-448.194989164981
-448.19632987738
-448.197500271494
-448.201412015138
-448.203949831075
-448.203949831075
-448.203949831075
-448.204866198339
-448.204866198339
-448.204866198339
-448.204866198339
-448.204866198339
-448.204866198339
-448.204866198339
-448.204866198339
-448.204866198339
-448.204866198339
-448.204866198339
-448.204866198339
-448.204866198339
-448.204866198339
-448.204866198339
-448.204866198339
-448.204866198339
-448.204866198339
-448.204866198339
-448.204866198339
-448.204866198339
-448.204866198339
-448.204866198339
-448.204866198339
-448.204866198339
-448.204866198339
-448.204866198339
-448.204866198339
-448.204866198339
-448.204866198339
-448.204866198339
-448.204866198339
-448.204866198339
-448.204866198339
-448.204866198339
-448.204866198339
-448.204866198339
-448.204866198339
-448.204866198339
-448.204866198339
-448.204866198339
-448.204866198339
-448.204866198339
-448.204866198339
-448.204866198339
-448.204866198339
-448.204866198339
-448.204866198339
-448.204866198339
-448.204866198339
-448.204866198339
-448.204866198339
-448.204866198339
-448.204866198339
-448.204866198339
-448.204866198339
-448.204866198339
-448.204866198339
-448.204866198339
-448.204866198339
-448.204866198339
-448.204866198339
-448.204866198339
-448.204866198339
-448.204866198339
-448.204866198339
-448.204866198339
-448.204866198339
-448.204866198339
-448.204866198339
-448.204866198339
-448.204866198339
-448.204866198339
-448.204866198339
-448.204866198339
-448.204866198339
-448.204866198339
-448.204866198339
-448.204866198339
-448.204866198339
-448.204866198339
-448.204866198339
-448.204866198339
-448.204866198339
-448.204866198339
-448.204866198339
-448.204866198339
-448.204866198339
-448.204866198339
-448.204866198339
-448.204866198339
-448.204866198339
-448.204866198339
-448.204866198339
-448.204866198339
-448.204866198339
-448.204866198339
-448.204866198339
-448.204866198339
-448.204866198339
-448.204866198339
-448.204866198339
-448.204866198339
-448.204866198339
-448.204866198339
-448.204866198339
-448.204866198339
-448.204866198339
-448.204866198339
-448.204866198339
-448.204866198339
-448.204866198339
-448.204866198339
-448.204866198339
-448.204866198339
-448.204866198339
-448.204866198339
-448.204866198339
-448.204866198339
-448.204866198339
-448.204866198339
-448.204866198339
-448.204866198339
-448.204866198339
-448.204866198339
-448.204866198339
-448.204866198339
-448.204866198339
-448.204866198339
-448.204866198339
-448.204866198339
-448.204866198339
-448.204866198339
-448.204866198339
-448.204866198339
-448.204866198339
-448.204866198339
-448.204866198339
-448.204866198339
-448.204866198339
-448.204866198339
-448.204866198339
-448.204866198339
-448.204866198339
-448.204866198339
-448.204866198339
-448.204866198339
-448.204866198339
-448.204866198339
-448.204866198339
-448.204866198339
-448.204866198339
-448.204866198339
-448.204866198339
-448.204866198339
-448.204866198339
-448.204866198339
-448.204866198339
-448.204866198339
-448.204866198339
-448.204866198339
-448.204866198339
-448.204866198339
-448.204866198339
-448.204866198339
-448.204866198339
-448.204866198339
-448.204866198339
-448.204866198339
-448.204866198339
