100000
20.7653052037922
20.6204605011718
20.467547134201
20.2772440393871
20.0766547538135
19.9088008259493
19.5982920103105
19.4008225857701
19.1626817384277
18.8702988688886
18.589147952849
18.2425425061534
17.9690302527953
17.675173518224
17.3060522641795
16.9419403254881
16.6493167681981
16.2083154254291
15.8229544806537
15.5304714250951
15.2149237947558
14.8383181006106
14.4258491330958
14.0624485182105
13.6864102391355
13.3031532659007
12.9216164940358
12.5515994454447
12.1612282683663
11.8148756507657
11.464771391381
11.1323813433582
10.7658476198699
10.41866251125
10.1315782431079
9.76510639172393
9.50720870591577
9.18869710181981
8.84876797812182
8.53116331088023
8.25465916967074
8.04489429344487
7.80564294940247
7.53652259367854
7.25463604709819
7.00771599730419
6.78321545823091
6.56788690820174
6.40116068268175
6.17024738157021
5.96206448853271
5.77821046414741
5.54290932934997
5.35199398280186
5.24299296335188
5.12581171516045
4.93629269734439
4.78672165968371
4.65435633597869
4.48516293541366
4.33564201495155
4.178069924924
4.02680738051297
3.92271911960556
3.81776739127519
3.71942126954862
3.65187185643115
3.5690571499439
3.50211389220227
3.43725867285016
3.36053822607066
3.29908405797981
3.23551156556122
3.171910711916
3.09147125152824
2.98309986798329
2.90885391461681
2.83032483993268
2.71739534832594
2.6405785239609
2.55005476618273
2.44683211593519
2.34118182700172
2.27669679783286
2.16552454584896
2.06570258993027
1.96114878808203
1.88132602807978
1.79837868086495
1.68119409483049
1.61435282221379
1.52228090964448
1.44890626790842
1.37240737979116
1.31659927507019
1.25680779306594
1.20161076103222
1.14067075402312
1.08825259817068
1.05342984027038
1.00204715339147
0.962568256796277
0.916686733611965
0.894061301327554
0.870963232560425
0.847244359091611
0.820488813323814
0.800964418699057
0.781242425850965
0.762583509101682
0.757731555851287
0.742839171966685
0.727478861678556
0.712435277997038
0.701961932767223
0.693004372631918
0.689960925062406
0.687108157944174
0.684462365921652
0.680931368862489
0.678665943820668
0.678284410537324
0.675864829796937
0.674176674366825
0.670119738275356
0.669905624954624
0.669165267342527
0.667420456745693
0.667420456745693
0.666331769276474
0.665721261456758
0.665270753416815
0.665270753416815
0.664731260979573
0.664731260979573
0.664471806555812
0.664386460985372
0.664386460985372
0.664386460985372
0.664386460985372
0.664386460985372
0.664386460985372
0.664386460985372
0.664386460985372
0.664386460985372
0.664386460985372
0.664386460985372
0.664386460985372
0.664386460985372
0.664386460985372
0.664386460985372
0.664386460985372
0.664386460985372
0.664386460985372
0.664386460985372
0.664386460985372
0.664386460985372
0.664386460985372
0.664386460985372
0.664386460985372
0.664386460985372
0.664386460985372
0.664386460985372
0.664386460985372
0.664386460985372
0.664386460985372
0.664386460985372
0.664386460985372
0.664386460985372
0.664386460985372
0.664386460985372
0.664386460985372
0.664386460985372
0.664386460985372
0.664386460985372
0.664386460985372
0.664386460985372
0.664386460985372
0.664386460985372
0.664386460985372
0.664386460985372
0.664386460985372
0.664386460985372
0.664386460985372
0.664386460985372
0.664386460985372
0.664386460985372
0.664386460985372
0.664386460985372
0.664386460985372
0.664386460985372
0.664386460985372
0.664386460985372
0.664386460985372
0.664386460985372
0.664386460985372
0.664386460985372
0.664386460985372
0.664386460985372
0.664386460985372
0.664386460985372
0.664386460985372
0.664386460985372
0.664386460985372
0.664386460985372
0.664386460985372
0.664386460985372
0.664386460985372
0.664386460985372
0.664386460985372
0.664386460985372
0.664386460985372
0.664386460985372
0.664386460985372
0.664386460985372
0.664386460985372
0.664386460985372
0.664386460985372
0.664386460985372
0.664386460985372
0.664386460985372
0.664386460985372
0.664386460985372
0.664386460985372
0.664386460985372
0.664386460985372
0.664386460985372
0.664386460985372
0.664386460985372
0.664386460985372
0.664386460985372
0.664386460985372
0.664386460985372
0.664386460985372
0.664386460985372
0.664386460985372
0.664386460985372
0.664386460985372
0.664386460985372
0.664386460985372
0.664386460985372
0.664386460985372
0.664386460985372
0.664386460985372
0.664386460985372
0.664386460985372
0.664386460985372
0.664386460985372
0.664386460985372
0.664386460985372
0.664386460985372
0.664386460985372
0.664386460985372
0.664386460985372
0.664386460985372
0.664386460985372
0.664386460985372
0.664386460985372
0.664386460985372
0.664386460985372
0.664386460985372
0.664386460985372
0.664386460985372
0.664386460985372
0.664386460985372
0.664386460985372
0.664386460985372
0.664386460985372
0.664386460985372
0.664386460985372
0.664386460985372
0.664386460985372
0.664386460985372
0.664386460985372
0.664386460985372
0.664386460985372
0.664386460985372
0.664386460985372
0.664386460985372
0.664386460985372
0.664386460985372
0.664386460985372
0.664386460985372
0.664386460985372
0.664386460985372
0.664386460985372
0.664386460985372
0.664386460985372
0.664386460985372
0.664386460985372
0.664386460985372
0.664386460985372
0.664386460985372
0.664386460985372
0.664386460985372
0.664386460985372
0.664386460985372
0.664386460985372
0.664386460985372
