100000
100000
100000
100000
100000
100000
100000
100000
100000
100000
100000
100000
100000
100000
100000
100000
100000
100000
100000
100000
100000
100000
100000
100000
100000
100000
100000
100000
100000
100000
100000
100000
100000
100000
100000
100000
100000
100000
100000
100000
100000
100000
100000
100000
100000
100000
100000
100000
100000
100000
100000
100000
100000
100000
100000
100000
100000
100000
100000
100000
100000
100000
100000
100000
100000
100000
100000
100000
100000
100000
100000
100000
99474.3346726887
98206.9156060596
93252.534177946
79052.364408449
61175.2264085053
42811.4156842826
32036.0767428101
22758.1876337983
16761.6518552592
11350.954268455
8420.57629675212
6637.61158045301
4637.42265870006
3803.57152139517
2990.93867533249
2452.99010650332
1996.82866711192
1726.67566599888
1484.14089908836
1329.03368636152
1225.20465995423
1157.2283549177
1087.79839806653
1032.94501966569
988.045223212302
964.636013162801
946.497863697347
925.55476435409
913.363840060031
900.609061585426
882.274630974693
871.284726298474
859.958616160546
851.819739643421
844.038288699046
835.366923935063
829.636831907929
814.808362914631
803.098373008736
793.731383710214
790.834951875453
786.275137006608
780.000609313671
765.499338398809
752.496531952799
742.284063045068
731.514706320191
728.483166024488
724.935390783461
724.724169066559
724.724169066559
724.724169066559
724.724169066559
724.724169066559
724.422354459066
724.332961288027
722.781546349233
712.692233174403
702.906646424791
686.716068697461
667.126481328001
639.502021306156
618.757161215494
595.268564010296
578.412562004515
566.344792133859
548.600293844411
533.749207083788
522.922419205873
510.067450885723
499.415927341847
491.392898333192
485.487611771732
477.038348151745
471.414648799034
465.188384225897
460.609843074643
455.37316043945
451.001362940032
447.731847283226
443.78998442734
440.538224945518
438.097806361169
435.973140338603
433.976547997111
431.379933068913
429.882135364723
428.370658594826
427.203118361611
425.839337296429
424.48334978753
423.438155341785
422.559770402492
421.763081082391
420.895198302974
420.167953334886
419.609368062849
419.129055693245
418.449791761649
418.177414324533
417.809153174172
417.391196034283
417.024258171886
416.701592050103
416.424168026535
416.19468418799
415.939497287819
415.773963350445
415.588429282159
415.429184493954
415.291863578811
415.172455769368
415.04725798289
414.966009096753
414.845056770304
414.747299570562
414.680723570953
414.598604045152
414.538391767119
414.481752310291
414.434561726647
414.38083669477
414.337662250708
414.307301586052
414.273842626464
414.247416692128
414.213860031947
414.194502217484
414.169281979584
414.14791805893
414.127433584507
414.110474978442
414.094740433925
414.082608213855
414.067588126487
414.056857934792
414.047349566388
414.036934681845
414.030933108133
414.020582083421
414.015464237025
414.010039613106
414.004104616457
413.99787862753
413.993809163958
413.99119302407
413.987742851571
413.984096457562
413.980848524779
413.977419587705
413.975182882397
413.972956560208
413.97088886994
413.969158738636
413.967583709514
413.96617534097
413.964787845168
413.963764096612
413.962715539492
413.961783048574
413.960885540863
413.960236647512
413.959532503455
413.958835279523
413.958294659703
413.957768882054
413.957208822578
413.956875066847
413.956411110353
413.956085835274
413.955782152095
413.95552007384
413.955255432123
413.955018276491
413.954831210139
413.954635997243
413.954471987025
413.954333167638
413.954164775287
413.954045781048
413.953922467307
413.953851406133
413.953770697039
413.95367937006
413.95359993108
413.953537823691
413.953478944668
413.95342819409
413.953379462066
413.95333828267
413.953285089793
413.953252952849
413.953222658608
413.953189444855
413.95316690953
413.953144241405
413.953120144911
413.953100721954
413.953083193336
413.953069042033
413.953056661237
413.953041267517
413.9530313475
413.953021309496
413.953013701964
413.953002721576
413.952996702052
413.952988779625
413.952980936287
413.952976195941
413.952972673532
413.952966825051
413.952963381171
413.952959321463
413.952955267232
413.952952652217
413.952949872684
413.952947494206
413.952945417574
413.952943603431
413.952941899857
413.952940120146
413.952938702711
413.952937081426
413.952935889074
413.952934932477
413.952933661217
413.952932688136
