100000
91732.986342717
80328.2935223882
74374.2628200585
68696.8746719905
62215.0268171464
57820.3606032286
53228.2119081257
47337.8469078905
42639.2607440128
38840.5892605869
36443.8170138308
31931.4433843331
27746.2182294512
24626.6519119698
22152.2954120529
19913.2193154689
17763.6825490601
16077.0470426341
14850.3881968334
13330.2979195134
11917.7636569479
10607.3347206711
9271.48925328877
8558.32251147733
7362.01762715826
6802.56059300156
6016.68446518638
5589.83917428868
5045.12289807782
4411.1221568324
3840.85468407335
3515.53718183783
3059.42186599715
2743.07133331701
2533.36765405321
2237.76981214248
1926.38049080502
1656.59878741232
1432.49738776514
1290.74679454891
1141.25828779622
1060.59449260844
951.543986281567
779.59350323712
644.630403551899
520.511061024005
439.10604472492
346.499244730467
268.045812959154
180.599482335345
135.119906465071
76.4409679905013
15.0564922841637
-25.7635316650031
-69.1886244709094
-108.751954483411
-136.695632788984
-154.358798079437
-182.569191879279
-209.601522731133
-248.536330448644
-266.502860073531
-283.980424075561
-300.130924668352
-310.201167735867
-326.253072623172
-340.621449434774
-347.488332574556
-358.119715003812
-367.627839860373
-374.771443328552
-381.599328265502
-387.278872759126
-392.233491678498
-398.651432647448
-404.627951908525
-407.678789293136
-411.932832783166
-415.556133062303
-419.627649378568
-421.620540969139
-425.48337203136
-427.091877091862
-428.55435208962
-430.297124697094
-432.093984624457
-434.166288288768
-435.572679004487
-436.383863000834
-438.025519581293
-438.88384934678
-439.864278637731
-440.936533205321
-441.603992277074
-442.070338358679
-442.713211320611
-443.10008208441
-443.353063658585
-444.158545293416
-444.403708907033
-444.640952446086
-444.944868108158
-445.267440351218
-445.634490138934
-445.783439908994
-446.021491443978
-446.23003290756
-446.336363614787
-446.483961398543
-446.499716228512
-446.559266383872
-446.617575926129
-446.746302685362
-446.796813144293
-446.848932553845
-446.889924600515
-446.92166199178
-446.968431863771
-446.998332334958
-446.998332334958
-447.005905865322
-447.014033433372
-447.014033433372
-447.014115830186
-447.014115830186
-447.014115830186
-447.014115830186
-447.014115830186
-447.014115830186
-447.014115830186
-447.014115830186
-447.014115830186
-447.014115830186
-447.014115830186
-447.014115830186
-447.014115830186
-447.014115830186
-447.014115830186
-447.014115830186
-447.014115830186
-447.014115830186
-447.014115830186
-447.014115830186
-447.014115830186
-447.014115830186
-447.014115830186
-447.014115830186
-447.014115830186
-447.014115830186
-447.014115830186
-447.014115830186
-447.014115830186
-447.014115830186
-447.014115830186
-447.014115830186
-447.014115830186
-447.014115830186
-447.014115830186
-447.014115830186
-447.014115830186
-447.014115830186
-447.014115830186
-447.014115830186
-447.014115830186
-447.014115830186
-447.014115830186
-447.014115830186
-447.014115830186
-447.014115830186
-447.014115830186
-447.014115830186
-447.014115830186
-447.014115830186
-447.014115830186
-447.014115830186
-447.014115830186
-447.014115830186
-447.014115830186
-447.014115830186
-447.014115830186
-447.014115830186
-447.014115830186
-447.014115830186
-447.014115830186
-447.014115830186
-447.014115830186
-447.014115830186
-447.014115830186
-447.014115830186
-447.014115830186
-447.014115830186
-447.014115830186
-447.014115830186
-447.014115830186
-447.014115830186
-447.014115830186
-447.014115830186
-447.014115830186
-447.014115830186
-447.014115830186
-447.014115830186
-447.014115830186
-447.014115830186
-447.014115830186
-447.014115830186
-447.014115830186
-447.014115830186
-447.014115830186
-447.014115830186
-447.014115830186
-447.014115830186
-447.014115830186
-447.014115830186
-447.014115830186
-447.014115830186
-447.014115830186
-447.014115830186
-447.014115830186
-447.014115830186
-447.014115830186
-447.014115830186
-447.014115830186
-447.014115830186
-447.014115830186
-447.014115830186
-447.014115830186
-447.014115830186
-447.014115830186
-447.014115830186
-447.014115830186
-447.014115830186
-447.014115830186
-447.014115830186
-447.014115830186
-447.014115830186
-447.014115830186
-447.014115830186
-447.014115830186
-447.014115830186
-447.014115830186
-447.014115830186
-447.014115830186
-447.014115830186
-447.014115830186
-447.014115830186
-447.014115830186
-447.014115830186
-447.014115830186
-447.014115830186
-447.014115830186
-447.014115830186
-447.014115830186
-447.014115830186
-447.014115830186
-447.014115830186
-447.014115830186
-447.014115830186
-447.014115830186
-447.014115830186
-447.014115830186
-447.014115830186
-447.014115830186
-447.014115830186
-447.014115830186
-447.014115830186
-447.014115830186
-447.014115830186
-447.014115830186
-447.014115830186
-447.014115830186
-447.014115830186
-447.014115830186
-447.014115830186
-447.014115830186
-447.014115830186
-447.014115830186
-447.014115830186
-447.014115830186
-447.014115830186
-447.014115830186
-447.014115830186
-447.014115830186
-447.014115830186
-447.014115830186
-447.014115830186
-447.014115830186
-447.014115830186
-447.014115830186
-447.014115830186
-447.014115830186
-447.014115830186
-447.014115830186
-447.014115830186
-447.014115830186
-447.014115830186
-447.014115830186
-447.014115830186
-447.014115830186
-447.014115830186
