100000
5400.79773255773
5384.31899280512
5373.78498581998
5373.78498581998
5373.78498581998
5373.78498581998
5373.78498581998
5373.78498581998
5373.78498581998
5373.78498581998
5373.78498581998
5373.78498581998
5373.78498581998
5373.78498581998
5373.78498581998
5373.78498581998
5373.78498581998
5373.78498581998
5373.78498581998
5373.78498581998
5373.78498581998
5373.78498581998
5373.78498581998
5373.78498581998
5373.78498581998
5373.78498581998
5373.78498581998
5373.78498581998
5373.78498581998
5373.78498581998
5373.78498581998
5353.92574137287
5285.43284984737
5148.56870316458
4879.21322278939
4539.56327696782
4235.10948967792
3950.25240943036
3735.61575925791
3403.85575425316
3180.47263849206
2911.28723218431
2712.19152112664
2475.92166344797
2257.65094044221
2048.68153397783
1888.50374184877
1746.83230170379
1544.29614680344
1416.55243095018
1298.05318047537
1189.33093604823
1067.80084998859
989.19312726687
891.393951299789
814.763939101716
727.435365915787
658.632994518273
603.031198997561
548.672150540338
499.225702626529
448.372616506741
405.989582837618
362.960128037056
335.071060924697
298.808994670466
270.794576086176
245.419219213891
224.326814985359
206.081870617867
186.011115457443
164.865265154021
149.205383906778
134.496129489092
126.168349803239
111.553633657006
100.119347205692
91.1009525358515
83.3739840022392
75.2393357197569
69.0890666707241
63.194926791595
55.8211052878219
49.9710648171042
46.5588875053813
43.0998693591457
38.7459067424635
34.9128090208551
31.4492771639399
29.8548890461333
27.2269365714762
25.4463925264154
22.5742010159336
21.030833770269
19.2173617499952
17.9269666179502
16.6451160412418
15.5510940062609
14.5558009101421
13.3858087105046
12.722960039671
11.9782239559364
11.4121080091306
10.8768436098243
10.4207521549681
9.79280709665674
9.36505478178124
9.0241195299782
8.68065617898358
8.37957726271681
8.21262694059798
8.02656565910309
7.75264086826135
7.60121769489157
7.47561787986185
7.34960137779152
7.27447238013996
7.16834399481112
7.11002838922017
7.05389576434597
6.95000386793427
6.91320532573715
6.86178724198751
6.85025806538142
6.83183664805786
6.81714364555384
6.80724449462741
6.78912705583625
6.78370011469804
6.77459915465699
6.77373423687845
6.77235771836531
6.77189041552737
6.77055563233374
6.77055563233374
6.77055563233374
6.77055563233374
6.7695701417471
6.7695701417471
6.7695701417471
6.7695701417471
6.7695701417471
6.7695701417471
6.7695701417471
6.7695701417471
6.7695701417471
6.7695701417471
6.7695701417471
6.7695701417471
6.7695701417471
6.7695701417471
6.7695701417471
6.7695701417471
6.7695701417471
6.7695701417471
6.7695701417471
6.7695701417471
6.7695701417471
6.7695701417471
6.7695701417471
6.7695701417471
6.7695701417471
6.7695701417471
6.7695701417471
6.7695701417471
6.7695701417471
6.7695701417471
6.7695701417471
6.7695701417471
6.7695701417471
6.7695701417471
6.7695701417471
6.7695701417471
6.7695701417471
6.7695701417471
6.7695701417471
6.7695701417471
6.7695701417471
6.7695701417471
6.7695701417471
6.7695701417471
6.7695701417471
6.7695701417471
6.7695701417471
6.7695701417471
6.7695701417471
6.7695701417471
6.7695701417471
6.7695701417471
6.7695701417471
6.7695701417471
6.7695701417471
6.7695701417471
6.7695701417471
6.7695701417471
6.7695701417471
6.7695701417471
6.7695701417471
6.7695701417471
6.7695701417471
6.7695701417471
6.7695701417471
6.7695701417471
6.7695701417471
6.7695701417471
6.7695701417471
6.7695701417471
6.7695701417471
6.7695701417471
6.7695701417471
6.7695701417471
6.7695701417471
6.7695701417471
6.7695701417471
6.7695701417471
6.7695701417471
6.7695701417471
6.7695701417471
6.7695701417471
6.7695701417471
6.7695701417471
6.7695701417471
6.7695701417471
6.7695701417471
6.7695701417471
6.7695701417471
6.7695701417471
6.7695701417471
6.7695701417471
6.7695701417471
6.7695701417471
6.7695701417471
6.7695701417471
6.7695701417471
6.7695701417471
6.7695701417471
6.7695701417471
6.7695701417471
6.7695701417471
6.7695701417471
6.7695701417471
6.7695701417471
6.7695701417471
6.7695701417471
6.7695701417471
6.7695701417471
6.7695701417471
6.7695701417471
6.7695701417471
6.7695701417471
6.7695701417471
6.7695701417471
6.7695701417471
6.7695701417471
6.7695701417471
6.7695701417471
6.7695701417471
6.7695701417471
6.7695701417471
6.7695701417471
6.7695701417471
6.7695701417471
6.7695701417471
6.7695701417471
6.7695701417471
6.7695701417471
6.7695701417471
6.7695701417471
6.7695701417471
6.7695701417471
6.7695701417471
6.7695701417471
6.7695701417471
6.7695701417471
6.7695701417471
6.7695701417471
6.7695701417471
6.7695701417471
6.7695701417471
6.7695701417471
6.7695701417471
6.7695701417471
6.7695701417471
6.7695701417471
6.7695701417471
6.7695701417471
6.7695701417471
6.7695701417471
6.7695701417471
6.7695701417471
6.7695701417471
6.7695701417471
6.7695701417471
6.7695701417471
6.7695701417471
6.7695701417471
6.7695701417471
6.7695701417471
6.7695701417471
