100000
9405.98411308924
8313.48874940429
7461.89311170376
6703.72226728341
6009.0105682423
5505.970025551
4735.2146585075
4276.2863077844
3951.84522989548
3611.12505890451
3200.41252982539
2932.37937631075
2665.42100920699
2382.49796502305
2144.11677180423
1940.89866835372
1715.12737971589
1570.13348079386
1435.32493288461
1299.10412362476
1177.83301574068
1050.57996849629
932.30618119164
842.477613156055
773.894666466506
701.060858432516
625.999631659385
574.082801245234
513.197615263039
459.653480955818
420.516846409214
375.933788713813
345.527208111468
302.832698322255
276.737755768801
247.021178490593
222.017899896959
196.471949592576
176.62133445643
166.94937432274
151.300871233024
135.296927445938
122.016806935847
110.267288980914
99.1610353174659
90.5895831632882
81.3344264361967
72.9985335579152
66.7091704204693
59.9814920479028
55.0538041944585
50.0816079684628
44.6144973634325
39.4242999298335
33.5256876102485
30.9298697092156
28.7685768675338
26.5235014449104
23.8618530368561
21.831225106671
19.7755120577724
18.0944960466584
16.0388853306577
14.5942600456217
13.1579555488483
11.0209518885105
10.0877672351762
9.27842753135212
8.29651538422007
7.56802939677062
6.79048843173476
6.11411019502843
5.65186402733346
5.26005099191206
4.62043706610398
4.20668673432879
3.81865254608281
3.38088168811794
3.1209768879292
2.85051293354644
2.51618423749351
2.24559080496233
2.0492147689723
1.91497918657421
1.71347916968429
1.55336522782571
1.41010339547334
1.28301270359039
1.19074515449086
1.07794804401781
0.994097201982403
0.912195632854096
0.833328166917143
0.766329549382769
0.697307758540117
0.636795902494602
0.581253872651231
0.549109502838044
0.511529020224833
0.477604450006432
0.457825009083972
0.442912723857521
0.420988120729047
0.389326139394331
0.362327647701718
0.345307010806267
0.330305588222833
0.318184011149762
0.308744434083145
0.293686497556398
0.288401209805557
0.281409728299406
0.273329313345331
0.272156923120333
0.270482852499831
0.265602366537464
0.261093558425512
0.258131305826437
0.256203952065499
0.255388938053432
0.254904817834107
0.254035923374456
0.252396368538606
0.252396368538606
0.25237625488954
0.251689641042565
0.25150320860679
0.25143737251879
0.25143737251879
0.25143737251879
0.25143737251879
0.25143737251879
0.25143737251879
0.25143737251879
0.25143737251879
0.25143737251879
0.25143737251879
0.25143737251879
0.25143737251879
0.25143737251879
0.25143737251879
0.25143737251879
0.25143737251879
0.25143737251879
0.25143737251879
0.25143737251879
0.25143737251879
0.25143737251879
0.25143737251879
0.25143737251879
0.25143737251879
0.25143737251879
0.25143737251879
0.25143737251879
0.25143737251879
0.25143737251879
0.25143737251879
0.25143737251879
0.25143737251879
0.25143737251879
0.25143737251879
0.25143737251879
0.25143737251879
0.25143737251879
0.25143737251879
0.25143737251879
0.25143737251879
0.25143737251879
0.25143737251879
0.25143737251879
0.25143737251879
0.25143737251879
0.25143737251879
0.25143737251879
0.25143737251879
0.25143737251879
0.25143737251879
0.25143737251879
0.25143737251879
0.25143737251879
0.25143737251879
0.25143737251879
0.25143737251879
0.25143737251879
0.25143737251879
0.25143737251879
0.25143737251879
0.25143737251879
0.25143737251879
0.25143737251879
0.25143737251879
0.25143737251879
0.25143737251879
0.25143737251879
0.25143737251879
0.25143737251879
0.25143737251879
0.25143737251879
0.25143737251879
0.25143737251879
0.25143737251879
0.25143737251879
0.25143737251879
0.25143737251879
0.25143737251879
0.25143737251879
0.25143737251879
0.25143737251879
0.25143737251879
0.25143737251879
0.25143737251879
0.25143737251879
0.25143737251879
0.25143737251879
0.25143737251879
0.25143737251879
0.25143737251879
0.25143737251879
0.25143737251879
0.25143737251879
0.25143737251879
0.25143737251879
0.25143737251879
0.25143737251879
0.25143737251879
0.25143737251879
0.25143737251879
0.25143737251879
0.25143737251879
0.25143737251879
0.25143737251879
0.25143737251879
0.25143737251879
0.25143737251879
0.25143737251879
0.25143737251879
0.25143737251879
0.25143737251879
0.25143737251879
0.25143737251879
0.25143737251879
0.25143737251879
0.25143737251879
0.25143737251879
0.25143737251879
0.25143737251879
0.25143737251879
0.25143737251879
0.25143737251879
0.25143737251879
0.25143737251879
0.25143737251879
0.25143737251879
0.25143737251879
0.25143737251879
0.25143737251879
0.25143737251879
0.25143737251879
0.25143737251879
0.25143737251879
0.25143737251879
0.25143737251879
0.25143737251879
0.25143737251879
0.25143737251879
0.25143737251879
0.25143737251879
0.25143737251879
0.25143737251879
0.25143737251879
0.25143737251879
0.25143737251879
0.25143737251879
0.25143737251879
0.25143737251879
0.25143737251879
0.25143737251879
0.25143737251879
0.25143737251879
0.25143737251879
0.25143737251879
0.25143737251879
0.25143737251879
0.25143737251879
0.25143737251879
0.25143737251879
0.25143737251879
0.25143737251879
0.25143737251879
0.25143737251879
0.25143737251879
0.25143737251879
0.25143737251879
0.25143737251879
0.25143737251879
0.25143737251879
0.25143737251879
0.25143737251879
0.25143737251879
