100000
746.114254192204
705.528969844407
672.932933915695
624.932055998141
590.035633233205
571.633400737957
563.035344385989
542.929610044877
512.883470411144
478.469690806054
468.008347100003
462.171213486342
457.436655662271
449.549326526007
438.166012655721
413.13069965888
385.724815224037
377.044350974673
373.973140141513
373.608712332631
373.436714655549
373.074971065123
372.732891321989
369.533747633692
365.132605550406
345.48321788937
325.778689914008
303.982038232246
288.392901615061
285.558632025831
285.330125574713
284.599200934366
284.599200934366
284.599200934366
284.599200934366
284.599200934366
284.599200934366
284.599200934366
284.599200934366
284.599200934366
284.599200934366
284.599200934366
284.599200934366
284.599200934366
284.599200934366
284.599200934366
284.599200934366
284.518244379462
284.388156202887
281.641259016056
273.610789999711
258.836408361741
241.492521667033
223.301800540354
208.303275826939
187.709690947542
172.944298106347
157.505071523511
145.511027787296
134.223947120166
120.043580015267
108.045687188831
99.9352758382146
92.4212417789944
83.4851269303083
75.2903764364362
67.8527844109971
61.509990849805
55.3930277083093
51.9533735972604
46.9502112655298
42.3183677354283
38.1636022118688
35.167159574385
31.6359142326579
28.7936550456528
25.509230390776
22.8773963756063
21.1004422717789
19.5305359454246
17.2920567518045
16.0276542885158
14.7609605645759
13.3916246000884
12.0668670392101
10.9462712333133
10.1594301583591
9.0712752372024
8.28384200456961
7.65572717872079
7.12067275698089
6.34694574008488
5.82432928369798
5.42200375700366
4.93449771312198
4.65211845842333
4.30550477988881
4.02663048768298
3.76709145565043
3.48474134202793
3.26651734708073
3.0758560067911
2.92030946233304
2.80308458175447
2.66870009449926
2.54868614888131
2.42403975656917
2.35342294184919
2.28022616531262
2.1863700831447
2.13968926832094
2.09735394903311
2.0149788998624
1.95958782639238
1.92632430469472
1.88424462553103
1.85152245493651
1.82732454141517
1.81030327496478
1.80092631376586
1.78708979056388
1.77958808531074
1.77315478714248
1.76181645561877
1.75644265437918
1.75540729997625
1.75269444668016
1.74865084375385
1.74821996689429
1.74754118788116
1.74340955706868
1.74264074619234
1.74025987360381
1.74025987360381
1.74025987360381
1.74025987360381
1.74025987360381
1.74025987360381
1.74025987360381
1.74025987360381
1.74025987360381
1.74025987360381
1.74025987360381
1.74025987360381
1.74025987360381
1.74025987360381
1.74025987360381
1.74025987360381
1.74025987360381
1.74025987360381
1.74025987360381
1.74025987360381
1.74025987360381
1.74025987360381
1.74025987360381
1.74025987360381
1.74025987360381
1.74025987360381
1.74025987360381
1.74025987360381
1.74025987360381
1.74025987360381
1.74025987360381
1.74025987360381
1.74025987360381
1.74025987360381
1.74025987360381
1.74025987360381
1.74025987360381
1.74025987360381
1.74025987360381
1.74025987360381
1.74025987360381
1.74025987360381
1.74025987360381
1.74025987360381
1.74025987360381
1.74025987360381
1.74025987360381
1.74025987360381
1.74025987360381
1.74025987360381
1.74025987360381
1.74025987360381
1.74025987360381
1.74025987360381
1.74025987360381
1.74025987360381
1.74025987360381
1.74025987360381
1.74025987360381
1.74025987360381
1.74025987360381
1.74025987360381
1.74025987360381
1.74025987360381
1.74025987360381
1.74025987360381
1.74025987360381
1.74025987360381
1.74025987360381
1.74025987360381
1.74025987360381
1.74025987360381
1.74025987360381
1.74025987360381
1.74025987360381
1.74025987360381
1.74025987360381
1.74025987360381
1.74025987360381
1.74025987360381
1.74025987360381
1.74025987360381
1.74025987360381
1.74025987360381
1.74025987360381
1.74025987360381
1.74025987360381
1.74025987360381
1.74025987360381
1.74025987360381
1.74025987360381
1.74025987360381
1.74025987360381
1.74025987360381
1.74025987360381
1.74025987360381
1.74025987360381
1.74025987360381
1.74025987360381
1.74025987360381
1.74025987360381
1.74025987360381
1.74025987360381
1.74025987360381
1.74025987360381
1.74025987360381
1.74025987360381
1.74025987360381
1.74025987360381
1.74025987360381
1.74025987360381
1.74025987360381
1.74025987360381
1.74025987360381
1.74025987360381
1.74025987360381
1.74025987360381
1.74025987360381
1.74025987360381
1.74025987360381
1.74025987360381
1.74025987360381
1.74025987360381
1.74025987360381
1.74025987360381
1.74025987360381
1.74025987360381
1.74025987360381
1.74025987360381
1.74025987360381
1.74025987360381
1.74025987360381
1.74025987360381
1.74025987360381
1.74025987360381
1.74025987360381
1.74025987360381
1.74025987360381
1.74025987360381
1.74025987360381
1.74025987360381
1.74025987360381
1.74025987360381
1.74025987360381
1.74025987360381
1.74025987360381
1.74025987360381
1.74025987360381
1.74025987360381
1.74025987360381
1.74025987360381
1.74025987360381
1.74025987360381
1.74025987360381
1.74025987360381
1.74025987360381
1.74025987360381
1.74025987360381
1.74025987360381
1.74025987360381
1.74025987360381
1.74025987360381
1.74025987360381
1.74025987360381
1.74025987360381
1.74025987360381
1.74025987360381
