100000
35.6654818339808
33.4651921417421
32.1371921966257
30.3613186823083
28.9455630246085
27.6413428878109
26.1568492734413
24.6697938763395
23.546984068195
22.4962034140468
21.3121499110511
20.208304390695
19.2489855964918
18.2488091067791
17.4223593987536
16.4575164528729
15.7979095232527
14.9748039132738
14.1387715905898
13.5566729358755
12.9338675889664
12.3863391732478
11.7622453580727
11.0606499952354
10.5329954281798
10.0468248927243
9.52365501549554
9.07863794045303
8.57462763749439
8.22341028389316
7.87964548490168
7.45639735245808
7.07193997924095
6.71945716443535
6.40712426805097
6.0132832638623
5.73296265917845
5.39553213881045
5.18141833393098
4.9344288194226
4.71466563213905
4.53921089816083
4.28248054785968
4.08199448670034
3.86634913683032
3.68313536700002
3.50084522688289
3.34999217828379
3.14052705149119
2.99572122587696
2.83020805588782
2.70045607882693
2.56995930707583
2.46018500586419
2.33379122378254
2.19341238134203
2.12100608422581
1.99643140881018
1.91551911348325
1.83624194531167
1.73700006538659
1.63783400203066
1.55825700134472
1.48662702196062
1.41202197672464
1.3308870363449
1.27307701264182
1.21007286974007
1.16226501401869
1.09883555848137
1.04319556136461
0.985022806958391
0.935505732627849
0.904787875856276
0.874549587294179
0.829087936784011
0.792915574624431
0.76367253261841
0.722491503753422
0.695588526447779
0.656068836029761
0.614714265544948
0.598071591034493
0.578308788161239
0.537284268788072
0.506835427325272
0.498422110071412
0.48871836885863
0.465726669062223
0.435587717805528
0.409610392570091
0.402120123710948
0.398222133313377
0.395170510160927
0.386180916937323
0.358285581903496
0.331041088738304
0.310303744790545
0.303402758612563
0.300718479581026
0.300258290623414
0.300089133620422
0.299972284463679
0.299938111369149
0.297944548676739
0.291123995043249
0.284153137656417
0.272645495172985
0.26724972285268
0.258684229513246
0.243099862967642
0.230337571239066
0.225600339244482
0.221550027224748
0.215678126998353
0.212832110988718
0.211554838524129
0.207676989608196
0.207110116828858
0.205341563891538
0.205237049013094
0.205036831613091
0.204457957804758
0.204073619778798
0.203980141293609
0.203946349853798
0.203899878341951
0.203803715008758
0.203802817647619
0.20379711651746
0.203772499776296
0.203759434345994
0.203759429444843
0.203758477936603
0.203758020015788
0.203758013746799
0.20374274940154
0.203742724231285
0.203742724231285
0.203742724231285
0.203742689492111
0.203742689492111
0.203742654941906
0.203742650482982
0.203742650482982
0.203742577185433
0.203742575631429
0.203742575631429
0.203742575631429
0.203742575631429
0.203742565176391
0.203742565176391
0.203742559383206
0.203742559383206
0.203742542073066
0.203742539577219
0.203742539577219
0.203742539577219
0.203742539577219
0.203742539577219
0.203742539502684
0.20374253937149
0.203742539314707
0.203742539314707
0.203742539314707
0.203742539250505
0.20374253914627
0.20374253914627
0.20374253914627
0.20374253914627
0.203742538494071
0.203742538494071
0.203742538494071
0.203742538494071
0.203742538494071
0.203742538494071
0.203742538494071
0.203742538494071
0.203742538494071
0.203742538494071
0.203742538494071
0.203742538494071
0.203742538494071
0.203742538494071
0.203742538494071
0.203742538494071
0.203742538494071
0.203742538494071
0.203742538494071
0.203742538494071
0.203742538494071
0.203742538494071
0.203742538359481
0.203742538359481
0.203742538359481
0.203742538359481
0.203742538359481
0.203742538359481
0.203742538359481
0.203742538359481
0.203742538359481
0.203742538359481
0.203742538359481
0.203742538359481
0.203742538359481
0.203742538359481
0.203742538359481
0.203742538359481
0.203742538359481
0.203742538359481
0.203742538345334
0.203742538345334
0.203742538345334
0.203742538345334
0.203742538345334
0.203742538345334
0.203742538345334
0.203742538345334
0.203742538345334
0.203742538345334
0.203742538345334
0.203742538345334
0.203742538345334
0.203742538345334
0.203742538345334
0.203742538345334
0.203742538345334
0.203742538345334
0.203742538345334
0.203742538345334
0.203742538345334
0.203742538345334
0.203742538345334
0.203742538345334
0.203742538345334
0.203742538345334
0.203742538345334
0.203742538345334
0.203742538345334
0.203742538345334
0.203742538345334
0.203742538345334
0.203742538345334
0.203742538345334
0.203742538345334
0.203742538345334
0.203742538345334
0.203742538345334
0.203742538345334
0.203742538345334
0.203742538345334
0.203742538345334
0.203742538345334
0.203742538345334
0.203742538345334
0.203742538345334
0.203742538345334
0.203742538345334
0.203742538345334
0.203742538345334
0.203742538345334
0.203742538345334
0.203742538345334
0.203742538345334
0.203742538345334
0.203742538345334
0.203742538345334
0.203742538345334
0.203742538345334
0.203742538345334
0.203742538345334
0.203742538345334
0.203742538345334
0.203742538345334
0.203742538345334
0.203742538345334
0.203742538345334
0.203742538345334
0.203742538345334
0.203742538345334
0.203742538345334
0.203742538345334
0.203742538345334
0.203742538345334
0.203742538345334
0.203742538345334
0.203742538345334
0.203742538345334
0.203742538345334
0.203742538345334
0.203742538345334
0.203742538345334
0.203742538345334
0.203742538345334
0.203742538345334
0.203742538345334
0.203742538345334
0.203742538345334
0.203742538345334
