100000
100000
100000
100000
98274.7149083926
95687.7525788196
93789.5291421608
86933.7204190575
80279.3617812763
69704.8992507889
50483.0287536281
33466.0681362289
14801.8930284684
4830.54179765156
505.428707318665
116.095755022424
82.5961053039073
56.2932587342791
49.5018942261577
46.7132631442352
43.4905336139586
40.5726317918582
38.2028494117527
36.4120558687402
34.913783893721
32.9627939803043
31.289414293229
29.7343860928362
27.9312681372419
26.7292703175407
25.7686750590586
24.1722472056799
23.0176326798857
21.5851316973416
20.5834853099918
19.7710157005103
18.6084137867163
17.6788802042391
16.5524575436929
15.8422163464097
15.140584243223
14.2629330668638
13.6483207650501
13.0651215116868
12.5288015384376
11.6312018523234
11.1081385262659
10.6937962993728
10.1227072482461
9.61750081654376
9.15591900238178
8.58839000110054
8.17880202852107
7.7806397819213
7.35206074671128
7.05803172389985
6.69558631596708
6.35513978650177
6.09518022911459
5.76104380947517
5.36895027202254
5.12285360613147
4.87116953628259
4.61617972817328
4.39158790682245
4.16987496172714
4.01894840907628
3.86260702001328
3.63429741213315
3.4452179722756
3.25199960908684
3.11218446094415
2.94932477033401
2.77539989503974
2.64827609108951
2.50585659510483
2.40854957055788
2.28922929307571
2.16645301494176
2.01886103283867
1.93166953002543
1.86316966883001
1.77603300982902
1.70366301601035
1.60047138217465
1.51882063883018
1.42772441713052
1.34822567891665
1.26702994558957
1.21798811909416
1.16109708408534
1.1048583339617
1.05193354254571
0.998141037426184
0.964225989062833
0.903353373611757
0.851235807380908
0.809970620500476
0.772837010646151
0.726755461556738
0.694320772602724
0.661593416111257
0.63163308678387
0.606544112721646
0.575472494286973
0.542279912273854
0.513821004634604
0.48615973626449
0.46692958378358
0.444929207549857
0.420756846543473
0.402302067143742
0.380931960179854
0.353524120715138
0.336549182839838
0.317184771515811
0.303448954477544
0.291353344173571
0.277459975586611
0.265093641659527
0.249907636675237
0.237341989463462
0.224807136209122
0.213639488163954
0.200422354346876
0.191484609891868
0.183342232147492
0.176005646224811
0.164910744998442
0.156752748528752
0.149070429466345
0.143443929751651
0.136043733264951
0.128738300146202
0.12191890274104
0.116115066076803
0.110637991974014
0.105023803343418
0.0992241370708254
0.0941811272696533
0.0895160317324465
0.0854256023247676
0.0812468730670488
0.0768107408839878
0.0728844870598132
0.0696430577180876
0.0653489132098636
0.0617169059190778
0.0593236963967071
0.0570321956207608
0.0539886666427307
0.0509554248135409
0.0488455953013324
0.0464507057645746
0.0441771096123167
0.0415893518277966
0.0397213438507036
0.0378442811838272
0.0362417567944015
0.0336842954362849
0.0316817387745191
0.0303302887894928
0.0292043400185117
0.0278389677485196
0.0263281208936061
0.02535271974044
0.0237347009031844
0.0221809148981203
0.0211936558219435
0.0202615442527823
0.0193649963708978
0.0184466279912957
0.0175107059869911
0.0167330921225936
0.0156593321444107
0.0149488893919003
0.0142630005072262
0.0135734702090679
0.0126428772554732
0.0121115815832999
0.0116088915833663
0.0109660229985854
0.0105194163804453
0.0100563731107711
0.00938199449128551
0.00887805306441801
0.0085173893543255
0.00804906197852092
0.00768683964938334
0.00729382930725886
0.00692718821178851
0.00660701341021279
0.00634660604959649
0.00590325547918211
0.00569963846383832
0.00537747701279036
0.0051259252621873
0.00480026632496484
0.00458826066837943
0.00434479536109886
0.00411006143510658
0.00388530776658483
0.00373029326902419
0.00353611821988111
0.00341013381064053
0.0032387783878186
0.00303982679634332
0.00291275303922227
0.00278472079619521
0.00262383764809125
0.00246181020200178
0.00236214777768158
0.00223177489189497
0.00210233903182863
0.00202514885980885
0.0019280147700705
0.00183298911828269
0.00173562572111002
0.00163951641037568
0.00156164902284345
0.0015047954090984
0.00142425467454138
0.00131765489909307
0.00125769888855354
0.00119747478004379
0.00114122594623989
0.00107904396377609
0.00102459411350851
0.000987522742499148
0.000940532159499323
0.000885427024032171
0.000837599646558137
0.000798347924926293
0.000761133926572953
0.000719552282826502
0.000685096417704612
0.000649272346176078
0.000627661071806963
0.000594577616720369
0.000567107732740527
0.000532923050113521
0.000508213444984441
0.000487630506679155
0.000460297950914879
0.000438217819911984
0.00041704947850129
0.000398351679879954
0.000372388285804004
0.000356803274670293
0.000336783919905796
0.000317267018819782
0.000301586785540121
0.000290803693347382
0.000273878445113133
0.000259353685352906
0.000246344280511743
0.000233585680007467
0.000223230992397124
0.00021400950315836
0.00020282663543034
0.000190958212436991
0.000180139674346555
0.000171754293933716
0.000162517045937042
0.000154972677073064
0.000147280846363299
0.00014033605845769
0.000132943668007904
0.000126878311489231
0.000121962753644148
0.000115835047302145
0.000110178356806766
0.000103998705413674
9.84125047018347E-05
9.34896871165383E-05
8.75485078234928E-05
8.23682905405835E-05
7.91782348371458E-05
7.54345030702737E-05
7.21593828462822E-05
6.85038608726456E-05
6.53629310261606E-05
6.07761511066531E-05
5.81141063953022E-05
5.59902383730754E-05
5.31420367443183E-05
5.01164825828204E-05
4.72553198150027E-05
4.50454324782361E-05
4.28619347394202E-05
4.03126980797131E-05
3.84708594883171E-05
3.71994315173374E-05
3.5564319378911E-05
3.36909693972768E-05
3.15239373349044E-05
2.98099791268135E-05
2.81596589729728E-05
2.68588247129633E-05
2.58705926565628E-05
