100000
100000
100000
100000
100000
100000
100000
100000
100000
100000
100000
100000
100000
100000
100000
100000
100000
100000
100000
100000
100000
100000
100000
100000
100000
100000
100000
100000
100000
100000
100000
100000
100000
100000
100000
100000
100000
100000
100000
100000
100000
100000
100000
100000
100000
100000
100000
100000
100000
100000
100000
100000
100000
100000
100000
100000
100000
100000
100000
100000
100000
99990.5803745706
99990.5803745706
98447.7339900294
95243.4416486036
87322.7241526635
77735.9500672907
71509.2329377261
64179.718182283
58583.6411789927
52712.049700447
48088.2690537359
42646.1107475216
37522.3337390817
34429.7706165468
31487.9683534598
28678.4096433762
25849.1344919742
22833.4332201618
20514.3429379889
18439.7686020247
17020.0495148811
15455.1820530916
13853.7392246578
12240.0856964612
11218.1219120817
10398.6756265155
9377.42160640252
8451.14442826196
7556.62042348763
6835.3968634933
6036.20785209868
5375.46664576517
4886.35165971339
4539.32630856154
4097.52190612475
3673.28700736828
3333.1402214188
2909.9222466528
2641.268976907
2477.10692943565
2200.01527255919
2030.77363294279
1788.66294601123
1611.46773007639
1464.76628226995
1305.30782433212
1181.07784730531
1070.49012286858
967.676766080316
868.081859319131
795.374424116142
716.568898663867
615.068195884318
571.605930846102
529.153981312459
476.32583060939
444.355481284609
393.24528861062
365.052032620166
320.333900082576
293.302375505853
261.032628598349
242.797831546883
218.178311851103
198.954464094189
178.305116996835
161.002326983247
145.150629387008
134.673354131741
123.878933379408
114.563982311548
106.054640779704
96.452783180754
90.3838812351708
81.9102513050407
76.2912745637989
72.8334062391318
67.3474103293662
63.9230553846014
58.6712985551546
56.5863419236983
54.8397388758934
53.1684131151331
52.1969340128301
49.6980383178308
47.8461450442877
47.1770704641372
44.5631773015043
43.7643504742828
43.122705490319
42.6685529874482
41.8150936552715
40.6226275854303
40.0557274989371
39.7745306204435
39.2863532030693
38.8673229533748
38.1106411474914
37.8464507347668
37.6568727804911
37.4937524516455
37.3805299226619
37.3095768120241
37.1976645011022
37.1947334199502
37.1947334199502
37.1915195959939
37.1758671061983
37.157840510207
37.157840510207
37.1485075177933
37.1485075177933
37.1414174178395
37.1414174178395
37.1414174178395
37.1414174178395
37.1414174178395
37.1414174178395
37.1414174178395
37.1414174178395
37.1414174178395
37.1414174178395
37.1414174178395
37.1414174178395
37.1414174178395
37.1414174178395
37.1414174178395
37.1414174178395
37.1414174178395
37.1414174178395
37.1414174178395
37.1414174178395
37.1414174178395
37.1414174178395
37.1414174178395
37.1414174178395
37.1414174178395
37.1414174178395
37.1414174178395
37.1414174178395
37.1414174178395
37.1414174178395
37.1414174178395
37.1414174178395
37.1414174178395
37.1414174178395
37.1414174178395
37.1414174178395
37.1414174178395
37.1414174178395
37.1414174178395
37.1414174178395
37.1414174178395
37.1414174178395
37.1414174178395
37.1414174178395
37.1414174178395
37.1414174178395
37.1414174178395
37.1414174178395
37.1414174178395
37.1414174178395
37.1414174178395
37.1414174178395
37.1414174178395
37.1414174178395
37.1414174178395
37.1414174178395
37.1414174178395
37.1414174178395
37.1414174178395
37.1414174178395
37.1414174178395
37.1414174178395
37.1414174178395
37.1414174178395
37.1414174178395
37.1414174178395
37.1414174178395
37.1414174178395
37.1414174178395
37.1414174178395
37.1414174178395
37.1414174178395
37.1414174178395
37.1414174178395
37.1414174178395
37.1414174178395
37.1414174178395
37.1414174178395
37.1414174178395
37.1414174178395
37.1414174178395
37.1414174178395
37.1414174178395
37.1414174178395
37.1414174178395
37.1414174178395
37.1414174178395
37.1414174178395
37.1414174178395
37.1414174178395
37.1414174178395
37.1414174178395
37.1414174178395
37.1414174178395
37.1414174178395
37.1414174178395
37.1414174178395
37.1414174178395
37.1414174178395
37.1414174178395
37.1414174178395
37.1414174178395
37.1414174178395
37.1414174178395
37.1414174178395
37.1414174178395
37.1414174178395
37.1414174178395
37.1414174178395
37.1414174178395
37.1414174178395
37.1414174178395
37.1414174178395
37.1414174178395
37.1414174178395
37.1414174178395
37.1414174178395
37.1414174178395
37.1414174178395
37.1414174178395
37.1414174178395
37.1414174178395
37.1414174178395
37.1414174178395
37.1414174178395
37.1414174178395
37.1414174178395
