100000
100000
100000
100000
100000
100000
100000
100000
100000
100000
100000
100000
100000
100000
100000
100000
100000
100000
100000
100000
100000
100000
100000
100000
100000
100000
100000
100000
100000
100000
100000
100000
100000
100000
100000
100000
97990.3806224125
92856.7742879632
53827.7099928121
22725.5637859371
8544.31286558465
2174.59675375464
576.712750542102
77.6453047279164
37.4809469834742
28.5089259152682
25.1514592703371
22.3441709606608
20.2834052386742
18.8365091509301
16.9729762302555
15.2139602158389
13.7048534008863
12.3944589611649
11.3135749252725
10.3904326222194
9.31074665258678
8.3752900343476
7.6062731878211
6.79474157792923
6.41003641715851
5.90428501201087
5.42943643105972
5.03745383988598
4.6608570294413
4.2687002156044
3.81244048043094
3.48369000541864
3.31392846319011
2.99562496413166
2.73651924076005
2.57499573349034
2.31851027463902
2.02064648545114
1.82926298122719
1.73280369271633
1.62075309942714
1.53567913323188
1.40430235532249
1.28421217751898
1.18226859249523
1.12056650726228
1.05586158600431
1.00253753215749
0.978421008260915
0.935485836898613
0.911966628643929
0.881840275778334
0.861876330216486
0.840933806137767
0.831803756803117
0.819595923060432
0.804344171361076
0.796926185425924
0.790464212510322
0.778556623240429
0.772285864370698
0.770340149344991
0.770340149344991
0.769678509150277
0.769678509150277
0.769678509150277
0.769488978015635
0.769488978015635
0.769488978015635
0.769488978015635
0.769488978015635
0.769488978015635
0.769488978015635
0.769488978015635
0.769488978015635
0.769488978015635
0.769488978015635
0.769488978015635
0.769488978015635
0.769488978015635
0.769488978015635
0.769488978015635
0.769488978015635
0.769488978015635
0.769488978015635
0.769488978015635
0.769488978015635
0.769488978015635
0.769488978015635
0.769488978015635
0.769488978015635
0.769488978015635
0.769488978015635
0.769488978015635
0.769488978015635
0.769488978015635
0.769488978015635
0.769488978015635
0.769488978015635
0.769488978015635
0.769488978015635
0.769488978015635
0.769488978015635
0.769488978015635
0.769488978015635
0.769488978015635
0.769488978015635
0.769488978015635
0.769488978015635
0.769488978015635
0.769488978015635
0.769488978015635
0.769488978015635
0.769488978015635
0.769488978015635
0.769488978015635
0.769488978015635
0.769488978015635
0.769488978015635
0.769488978015635
0.769488978015635
0.769488978015635
0.769488978015635
0.769488978015635
0.769488978015635
0.769488978015635
0.769488978015635
0.769488978015635
0.769488978015635
0.769488978015635
0.769488978015635
0.769488978015635
0.769488978015635
0.769488978015635
0.769488978015635
0.769488978015635
0.769488978015635
0.769488978015635
0.769488978015635
0.769488978015635
0.769488978015635
0.769488978015635
0.769488978015635
0.769488978015635
0.769488978015635
0.769488978015635
0.769488978015635
0.769488978015635
0.769488978015635
0.769488978015635
0.769488978015635
0.769488978015635
0.769488978015635
0.769488978015635
0.769488978015635
0.769488978015635
0.769488978015635
0.769488978015635
0.769488978015635
0.769488978015635
0.769488978015635
0.769488978015635
0.769488978015635
0.769488978015635
0.769488978015635
0.769488978015635
0.769488978015635
0.769488978015635
0.769488978015635
0.769488978015635
0.769488978015635
0.769488978015635
0.769488978015635
0.769488978015635
0.769488978015635
0.769488978015635
0.769488978015635
0.769488978015635
0.769488978015635
0.769488978015635
0.769488978015635
0.769488978015635
0.769488978015635
0.769488978015635
0.769488978015635
0.769488978015635
0.769488978015635
0.769488978015635
0.769488978015635
0.769488978015635
0.769488978015635
0.769488978015635
0.769488978015635
0.769488978015635
0.769488978015635
0.769488978015635
0.769488978015635
0.769488978015635
0.769488978015635
0.769488978015635
0.769488978015635
0.769488978015635
0.769488978015635
0.769488978015635
0.769488978015635
0.769488978015635
0.769488978015635
0.769488978015635
0.769488978015635
0.769488978015635
0.769488978015635
0.769488978015635
0.769488978015635
0.769488978015635
0.769488978015635
0.769488978015635
0.769488978015635
0.769488978015635
0.769488978015635
0.769488978015635
0.769488978015635
0.769488978015635
0.769488978015635
0.769488978015635
0.769488978015635
0.769488978015635
0.769488978015635
0.769488978015635
0.769488978015635
0.769488978015635
0.769488978015635
0.769488978015635
0.769488978015635
0.769488978015635
0.769488978015635
0.769488978015635
0.769488978015635
0.769488978015635
0.769488978015635
0.769488978015635
0.769488978015635
0.769488978015635
0.769488978015635
0.769488978015635
0.769488978015635
0.769488978015635
0.769488978015635
0.769488978015635
0.769488978015635
0.769488978015635
0.769488978015635
0.769488978015635
0.769488978015635
0.769488978015635
0.769488978015635
0.769488978015635
0.769488978015635
0.769488978015635
0.769488978015635
0.769488978015635
0.769488978015635
0.769488978015635
0.769488978015635
0.769488978015635
