100000
323.42200227972
311.330202731982
302.693897558518
297.070328886609
287.3767905936
277.97822835433
271.172652322623
265.046361910753
259.498474573665
251.863575713079
247.209320046624
241.813293102355
235.205080769957
227.553434670015
223.080046720079
214.947621344373
210.675304302943
206.57411078937
202.004473489313
197.144277481028
190.374294572786
187.412293004738
182.289374633832
176.351408820503
170.768186379028
167.937058689538
164.981286931664
160.127127498026
154.734049552595
151.907815407774
147.964125989358
143.402087062586
140.226233382643
136.872462998188
133.12190802963
129.750661101723
126.798095503978
124.152619311706
120.787457961977
117.560840085112
114.91840436492
111.539976738985
108.249885549475
105.287527250112
103.377910632723
100.775728433109
98.2012742234897
95.6853702827466
93.6153994568292
90.872508496944
88.212555338021
86.0988590022482
84.0791808275924
81.850716210364
79.8231664585848
77.8377456554242
76.6086494259017
74.5340556121958
72.0569028806577
70.3950869144406
68.1667745611768
65.8625060485987
64.519387836223
62.7735925299839
60.9653515145782
60.1320609508748
58.5674159703471
57.3818848587021
56.1189219712597
54.4877309880863
52.9726701440082
51.84775059889
50.2894291881841
49.1105987127075
48.0345153851204
47.1541871129414
46.0922541744992
44.6770737964401
43.5293258500741
42.2398901995936
41.2611032294761
40.2470296338584
39.1092526888442
38.2650516715918
37.7181486334461
36.9306712253121
35.6987715664424
34.7281996643145
33.7627675388208
33.0783684959448
32.2826416282727
31.7477417609534
31.257946829159
30.4060485276192
29.7652991268422
28.9974845599092
28.4088881708913
27.8621495836165
27.5962543298682
26.8147597808534
26.3308033621965
25.8635029212786
25.5042375707819
25.1308251172796
24.869052497874
24.3824430832479
24.1742085975226
23.9512963583254
23.6281785610225
23.3502626281372
23.2666114131992
23.1681402544303
22.9870216879288
22.8718623697465
22.799580659144
22.7380675351491
22.6910325810614
22.6160050367927
22.5657233451643
22.546604656796
22.5238272445292
22.4498867365681
22.4410764718528
22.3848113200206
22.3674681798357
22.3283259967849
22.3283259967849
22.3181758175059
22.2777770312288
22.2777770312288
22.2725606868888
22.2552488395342
22.2225466181451
22.2225466181451
22.2225466181451
22.2081221355216
22.2081221355216
22.2081221355216
22.2081221355216
22.2081221355216
22.2081221355216
22.2000543754354
22.1924145174291
22.1924145174291
22.1696454474517
22.1696454474517
22.1696454474517
22.1696454474517
22.1515728018565
22.1515728018565
22.1515728018565
22.1515728018565
22.1515728018565
22.1515728018565
22.1417464752297
22.1417464752297
22.1417464752297
22.1398496153539
22.1398496153539
22.1398496153539
22.1398496153539
22.1398496153539
22.1398496153539
22.1398496153539
22.1398496153539
22.1398496153539
22.1398496153539
22.1398496153539
22.1398496153539
22.1398496153539
22.1398496153539
22.1398496153539
22.1398496153539
22.1398496153539
22.1398496153539
22.1398496153539
22.1398496153539
22.1398496153539
22.1398496153539
22.1398496153539
22.1398496153539
22.1398496153539
22.1398496153539
22.1398496153539
22.1398496153539
22.1398496153539
22.1398496153539
22.1398496153539
22.1398496153539
22.1398496153539
22.1398496153539
22.1398496153539
22.1398496153539
22.1398496153539
22.1398496153539
22.1398496153539
22.1398496153539
22.1398496153539
22.1398496153539
22.1398496153539
22.1398496153539
22.1398496153539
22.1398496153539
22.1398496153539
22.1398496153539
22.1398496153539
22.1398496153539
22.1398496153539
22.1398496153539
22.1398496153539
22.1398496153539
22.1398496153539
22.1398496153539
22.1398496153539
22.1398496153539
22.1398496153539
22.1398496153539
22.1398496153539
22.1398496153539
22.1398496153539
22.1398496153539
22.1398496153539
22.1398496153539
22.1398496153539
22.1398496153539
22.1398496153539
22.1398496153539
22.1398496153539
22.1398496153539
22.1398496153539
22.1398496153539
22.1398496153539
22.1398496153539
22.1398496153539
22.1398496153539
22.1398496153539
22.1398496153539
22.1398496153539
22.1398496153539
22.1398496153539
22.1398496153539
22.1398496153539
22.1398496153539
22.1398496153539
22.1398496153539
22.1398496153539
22.1398496153539
22.1398496153539
22.1398496153539
22.1398496153539
22.1398496153539
22.1398496153539
22.1398496153539
22.1398496153539
22.1398496153539
22.1398496153539
22.1398496153539
22.1398496153539
22.1398496153539
22.1398496153539
22.1398496153539
22.1398496153539
22.1398496153539
22.1398496153539
22.1398496153539
22.1398496153539
22.1398496153539
22.1398496153539
22.1398496153539
22.1398496153539
22.1398496153539
22.1398496153539
22.1398496153539
22.1398496153539
22.1398496153539
22.1398496153539
22.1398496153539
22.1398496153539
22.1398496153539
22.1398496153539
22.1398496153539
22.1398496153539
22.1398496153539
22.1398496153539
22.1398496153539
22.1398496153539
22.1398496153539
22.1398496153539
22.1398496153539
22.1398496153539
22.1398496153539
22.1398496153539
22.1398496153539
22.1398496153539
22.1398496153539
22.1398496153539
22.1398496153539
22.1398496153539
22.1398496153539
