100000
559.175017462588
541.766568423499
528.105823263386
517.787568717335
505.606959834205
491.649130775388
481.219354324025
465.159410604297
457.595824639964
445.878785362679
433.517470421315
425.053904331335
412.656830543782
401.377279038719
394.241594906824
379.976293715799
369.767086862561
362.666323944021
354.397279437565
341.383519196996
332.680148971377
325.536613136726
317.011469894871
310.920542387063
302.618832115984
294.57918525767
287.728749944418
280.026340790286
273.477675121161
267.633872231837
257.129130811005
251.113012374368
246.646124355843
240.755839152229
233.974323401341
227.612181968896
223.216865832954
215.960961088931
210.497713670958
206.880166756311
201.997153493434
195.494225609615
189.687904691626
185.348194368405
180.585173136059
175.338563582711
170.842441936176
167.025840018894
163.764108591469
157.940581340538
153.881216500394
151.595048059032
148.142237855718
143.50650880318
139.933570292731
136.980706384648
134.133169256437
130.405803438493
126.593790418728
123.419525435494
120.140559689767
117.956823775126
114.658957751833
111.465558760047
108.791708764528
105.479509436967
103.183712948077
100.640567278242
98.0977101112383
95.2716800843847
92.9331496647322
91.4389756789599
88.9024814903366
86.6597083733175
84.5368979327709
82.5445625867873
80.0507644698071
78.3992670863138
76.4739915831383
74.317272596813
72.2661027125389
70.5246477853676
68.8936997694746
67.3379507752467
65.9556635667109
64.148210691816
62.8647984489219
60.9760738211039
59.6964918565179
58.2641407234332
56.7341912703001
55.5743132080869
54.6601108344993
53.3912314894461
52.3036993075308
50.9558030629992
49.5122116487878
48.9868109966021
47.9625659537889
47.1749935992442
46.3321629289359
45.6394509906372
44.8685322341701
44.1039520592219
43.5891432889357
43.2233853437525
42.7531084521725
42.2746747727037
42.0247205632126
41.6146176824242
41.3246659565847
41.1507798538571
40.8898340566934
40.5679396982212
40.4533839621653
40.3572012496986
40.1612180336649
40.1108005189217
40.0426727031017
39.9869136960322
39.9672771165764
39.93075823551
39.8663895198496
39.8192088579473
39.7700309415529
39.7416796044222
39.7085177069822
39.6414305446771
39.6294124780759
39.6119197541932
39.5980297882209
39.597700666176
39.5906047000983
39.577528396844
39.5664642373773
39.5653558685241
39.5146756692412
39.4715056084717
39.4697666951091
39.445113533452
39.445113533452
39.445113533452
39.4375984800365
39.4305446954772
39.4140143148904
39.4140143148904
39.4140143148904
39.4140143148904
39.4140143148904
39.4079850340095
39.3776537028144
39.3772014792552
39.3772014792552
39.3621092677165
39.3483218957508
39.3483218957508
39.3483218957508
39.3483218957508
39.3483218957508
39.3483218957508
39.3483218957508
39.3483218957508
39.3483218957508
39.3483218957508
39.3483218957508
39.3483218957508
39.3483218957508
39.3483218957508
39.3483218957508
39.3483218957508
39.3483218957508
39.3483218957508
39.3483218957508
39.3483218957508
39.3483218957508
39.3483218957508
39.3483218957508
39.3483218957508
39.3483218957508
39.3483218957508
39.3483218957508
39.3483218957508
39.3483218957508
39.3483218957508
39.3483218957508
39.3483218957508
39.3483218957508
39.3483218957508
39.3483218957508
39.3483218957508
39.3483218957508
39.3483218957508
39.3483218957508
39.3483218957508
39.3483218957508
39.3483218957508
39.3483218957508
39.3483218957508
39.3483218957508
39.3483218957508
39.3483218957508
39.3483218957508
39.3483218957508
39.3483218957508
39.3483218957508
39.3483218957508
39.3483218957508
39.3483218957508
39.3483218957508
39.3483218957508
39.3483218957508
39.3483218957508
39.3483218957508
39.3483218957508
39.3483218957508
39.3483218957508
39.3483218957508
39.3483218957508
39.3483218957508
39.3483218957508
39.3483218957508
39.3483218957508
39.3483218957508
39.3483218957508
39.3483218957508
39.3483218957508
39.3483218957508
39.3483218957508
39.3483218957508
39.3483218957508
39.3483218957508
39.3483218957508
39.3483218957508
39.3483218957508
39.3483218957508
39.3483218957508
39.3483218957508
39.3483218957508
39.3483218957508
39.3483218957508
39.3483218957508
39.3483218957508
39.3483218957508
39.3483218957508
39.3483218957508
39.3483218957508
39.3483218957508
39.3483218957508
39.3483218957508
39.3483218957508
39.3483218957508
39.3483218957508
39.3483218957508
39.3483218957508
39.3483218957508
39.3483218957508
39.3483218957508
39.3483218957508
39.3483218957508
39.3483218957508
39.3483218957508
39.3483218957508
39.3483218957508
39.3483218957508
39.3483218957508
39.3483218957508
39.3483218957508
39.3483218957508
39.3483218957508
39.3483218957508
39.3483218957508
39.3483218957508
39.3483218957508
39.3483218957508
39.3483218957508
39.3483218957508
39.3483218957508
39.3483218957508
39.3483218957508
39.3483218957508
39.3483218957508
39.3483218957508
39.3483218957508
39.3483218957508
39.3483218957508
39.3483218957508
39.3483218957508
39.3483218957508
39.3483218957508
39.3483218957508
39.3483218957508
39.3483218957508
39.3483218957508
39.3483218957508
39.3483218957508
39.3483218957508
39.3483218957508
39.3483218957508
39.3483218957508
