100000
100000
100000
100000
100000
100000
100000
100000
100000
100000
100000
100000
100000
100000
100000
100000
100000
100000
100000
100000
100000
100000
100000
100000
100000
100000
100000
100000
100000
100000
100000
100000
100000
100000
100000
100000
100000
100000
100000
100000
100000
100000
100000
100000
100000
100000
100000
100000
100000
100000
100000
100000
100000
100000
100000
100000
100000
100000
100000
100000
100000
100000
100000
100000
100000
100000
100000
100000
100000
100000
100000
100000
100000
100000
100000
100000
100000
100000
96953.3656124366
82780.1000917706
61971.2038547849
43475.5231720223
32625.3745785285
24956.2243647942
17691.8595078113
13704.4437172105
10416.2203732855
8211.28235187493
6985.85316516789
5774.68436906619
4963.75462402177
4392.86575637344
3783.09265118177
3524.20889270944
3248.67358085048
3061.5738430222
2922.36764633914
2825.7149743221
2739.3615550853
2669.13236405371
2616.04308084243
2564.35119825882
2516.5768310615
2498.96561673658
2472.93721003954
2452.57632509889
2425.32614029543
2406.34605463928
2393.08843261216
2374.62640283738
2344.38205665674
2322.1209298443
2310.89074953432
2301.55554826113
2284.35747934144
2258.41628665322
2218.26618931363
2190.82989312938
2179.33219453973
2164.774363602
2164.7461415843
2164.66432971338
2164.66432971338
2164.66432971338
2164.66432971338
2164.66432971338
2164.66432971338
2164.66432971338
2161.67685374806
2143.69006031598
2097.75238579738
2029.41953893424
1943.08421038457
1864.10620197668
1792.88411151897
1725.85182351025
1670.20740245923
1631.34162427656
1581.46810519703
1533.20100352359
1497.60056638011
1461.0419590743
1426.93949023139
1402.05340994397
1374.45491951933
1348.48128347825
1328.49704077266
1309.58474275852
1292.99010812458
1279.6259439251
1269.68780309685
1256.41858116651
1244.28693994976
1235.68625754896
1227.19887392641
1218.64901363883
1213.04446642727
1206.92614516465
1200.63178273568
1194.99652698986
1190.28935207951
1187.27550639331
1183.18744167312
1179.54441929975
1176.96324283655
1174.81337756006
1172.01180596031
1169.64894909637
1167.79887771906
1166.11827436346
1164.58388798153
1162.93292424336
1161.75421677046
1160.61145828568
1159.49702808704
1158.62771197029
1157.83908390885
1157.01822139217
1156.27527645315
1155.66680684379
1155.09295868248
1154.58450451316
1154.12399283943
1153.74181182213
1153.37082394776
1152.97938174323
1152.70179619631
1152.42335659669
1152.17032056105
1151.95622190446
1151.72669878259
1151.54257995139
1151.41039628321
1151.25850718134
1151.1369692479
1150.98591899942
1150.88626592643
1150.79547030697
1150.70273978762
1150.6306771774
1150.53506506002
1150.47007704482
1150.41240641718
1150.36013045748
1150.31504692858
1150.27608958006
1150.23463209975
1150.1919061333
1150.16478884912
1150.13928387748
1150.11178342504
1150.08788589612
1150.06646962507
1150.04862015744
1150.02945680974
1150.01240765309
1149.99890237576
1149.98689034715
1149.97395255588
1149.96356180455
1149.95566278485
1149.94766677537
1149.94038551657
1149.93321687887
1149.92619491824
1149.92071153555
1149.91562311643
1149.91099553064
1149.90721680457
1149.90332268617
1149.89916083329
1149.89632317555
1149.89408312989
1149.89185852595
1149.88970988724
1149.88765206834
1149.88563060688
1149.88454685488
1149.88299025863
1149.88151090861
1149.8806054013
1149.87929572862
1149.87822191742
1149.8773348223
1149.87660663701
1149.87576892002
1149.87524647653
1149.87459724498
1149.87408978003
1149.87367086975
1149.87324374067
1149.87283332705
1149.87250335555
1149.87217237198
1149.87190095201
1149.87159148038
1149.87134059251
1149.87115847939
1149.87094452624
1149.87080613585
1149.87066516954
1149.87054377372
1149.87040536136
1149.87028246067
1149.87018344076
1149.87008290511
1149.87000615012
1149.86993449674
1149.86987164274
1149.86980476429
1149.86974695749
1149.86969773048
1149.86964944608
1149.86961793741
1149.86956894767
1149.86953689455
1149.86950967508
1149.86948328652
1149.86945710892
1149.86943522468
1149.86941764595
1149.8694012118
1149.86938501283
1149.8693735083
1149.86935872481
1149.86934506193
1149.86933395844
1149.86932414511
1149.86931635302
1149.86930736799
1149.86930024059
1149.86929374862
1149.86928919485
1149.86928438776
1149.86927875331
1149.86927461113
1149.86927087077
1149.86926737769
1149.86926449024
1149.86926147464
