100000
1080.44034476463
981.22474520946
875.766446191392
802.488841922581
736.494685166705
647.738434836131
582.254613920507
524.74310831688
477.649572693874
421.133838933979
388.366904691331
355.983460600261
316.317262401596
287.285873171659
256.213391211733
233.718409034213
211.177599330161
188.352922149507
170.780778635147
155.479131404096
137.889619025356
125.078637688827
112.849924000233
102.484122971666
92.2836661528108
83.0063883612173
75.3213397681886
68.5370131173724
61.4139712019169
55.2102251498512
49.9598630348398
45.4360051399538
41.7339807848825
37.580689607064
34.1768208444372
30.8730497685517
27.9848000118525
25.1069045363018
22.8041693084234
20.7859118992219
18.7153161360648
17.2258583945757
15.5415875211249
14.0454117021903
12.7258663665117
11.7788248869429
10.650385870602
9.73290446017088
8.87453892994975
8.04782621678401
7.40305180583822
6.81513790576097
6.23365974196668
5.70789570871535
5.2254412870421
4.80476446829783
4.44576708954461
4.16586165411652
3.81727316185919
3.50712249746165
3.27889068581832
3.04391079835962
2.87348799666526
2.70429697895526
2.53989411373873
2.38845620675975
2.21444650519663
2.11896890515841
2.01915149185788
1.90761229428628
1.82317344933782
1.74168043688097
1.67444733809052
1.61195945504945
1.55442969167802
1.50619729866271
1.45096563534966
1.41217878752641
1.37096461360417
1.34456080005596
1.30811088241668
1.28170402272348
1.25456457855304
1.23151949495701
1.21402113762444
1.19373485562373
1.17435283329575
1.15939963263206
1.14507413612534
1.13300442887575
1.12269586669726
1.11210063029181
1.10392840257345
1.09651830857798
1.08758624587169
1.08125428772862
1.07671573812816
1.07078479222383
1.06549415429581
1.06180460141795
1.05756203957023
1.0544958759271
1.05065621540143
1.04784483614271
1.04573138269627
1.0428463420258
1.04155514637069
1.0389882251302
1.03659882512427
1.03310311957889
1.03144655585516
1.02964162254626
1.02649444764442
1.0247037819736
1.0226843651561
1.02185230283913
1.02113568149207
1.01999231777931
1.01825982109447
1.01719941291672
1.01683026703278
1.01650692970493
1.01583351829908
1.01547004873477
1.01483350915444
1.01483350915444
1.01467932007943
1.01461165277731
1.01461165277731
1.01451794742992
1.01449608945823
1.01447470385838
1.01447014181261
1.01447014181261
1.01440860711693
1.01440860711693
1.01440860711693
1.01440860711693
1.01440860711693
1.01440860711693
1.01440860711693
1.01440860711693
1.01440860711693
1.01440860711693
1.01440860711693
1.01440860711693
1.01440860711693
1.01440860711693
1.01440860711693
1.01440860711693
1.01440860711693
1.01440860711693
1.01440860711693
1.01440860711693
1.01440860711693
1.01440860711693
1.01440860711693
1.01440860711693
1.01440860711693
1.01440860711693
1.01440860711693
1.01440860711693
1.01440860711693
1.01440860711693
1.01440860711693
1.01440860711693
1.01440860711693
1.01440860711693
1.01440860711693
1.01440860711693
1.01440860711693
1.01440860711693
1.01440860711693
1.01440860711693
1.01440860711693
1.01440860711693
1.01440860711693
1.01440860711693
1.01440860711693
1.01440860711693
1.01440860711693
1.01440860711693
1.01440860711693
1.01440860711693
1.01440860711693
1.01440860711693
1.01440860711693
1.01440860711693
1.01440860711693
1.01440860711693
1.01440860711693
1.01440860711693
1.01440860711693
1.01440860711693
1.01440860711693
1.01440860711693
1.01440860711693
1.01440860711693
1.01440860711693
1.01440860711693
1.01440860711693
1.01440860711693
1.01440860711693
1.01440860711693
1.01440860711693
1.01440860711693
1.01440860711693
1.01440860711693
1.01440860711693
1.01440860711693
1.01440860711693
1.01440860711693
1.01440860711693
1.01440860711693
1.01440860711693
1.01440860711693
1.01440860711693
1.01440860711693
1.01440860711693
1.01440860711693
1.01440860711693
1.01440860711693
1.01440860711693
1.01440860711693
1.01440860711693
1.01440860711693
1.01440860711693
1.01440860711693
1.01440860711693
1.01440860711693
1.01440860711693
1.01440860711693
1.01440860711693
1.01440860711693
1.01440860711693
1.01440860711693
1.01440860711693
1.01440860711693
1.01440860711693
1.01440860711693
1.01440860711693
1.01440860711693
1.01440860711693
1.01440860711693
1.01440860711693
1.01440860711693
1.01440860711693
1.01440860711693
1.01440860711693
1.01440860711693
1.01440860711693
1.01440860711693
1.01440860711693
1.01440860711693
1.01440860711693
1.01440860711693
1.01440860711693
1.01440860711693
1.01440860711693
1.01440860711693
1.01440860711693
1.01440860711693
1.01440860711693
1.01440860711693
1.01440860711693
1.01440860711693
1.01440860711693
1.01440860711693
1.01440860711693
1.01440860711693
1.01440860711693
1.01440860711693
1.01440860711693
1.01440860711693
1.01440860711693
1.01440860711693
1.01440860711693
1.01440860711693
1.01440860711693
1.01440860711693
1.01440860711693
1.01440860711693
1.01440860711693
1.01440860711693
1.01440860711693
1.01440860711693
1.01440860711693
1.01440860711693
1.01440860711693
1.01440860711693
1.01440860711693
1.01440860711693
1.01440860711693
1.01440860711693
1.01440860711693
1.01440860711693
1.01440860711693
1.01440860711693
1.01440860711693
