100000
97156.4036865732
87750.6396820284
72774.938542442
58889.1099622708
46703.9235229896
38989.3998131596
32466.5091121622
25368.3134261055
21243.2863166958
17082.6698865573
14059.2168370919
11587.0958458344
9826.9017530843
7530.85908969706
6265.88642775094
5027.33887040629
4258.59334437287
3328.12974998811
2795.27777732081
2304.63879025591
1873.7083154144
1504.12820991567
1203.53821282281
957.230691436221
828.517680267649
679.833748904007
553.7533079641
462.367257623391
374.582961642477
303.793594521347
256.918207788578
207.772194424044
176.511071819423
144.443705884062
115.862929252567
91.8317508062293
80.2295253013118
65.1414894812796
54.4440271829093
45.8603848387157
37.8998200812845
30.6660696993104
24.9528063600788
21.8266688847727
18.2676485076246
15.2276163775483
12.730271490861
10.904723469662
9.52381667940458
8.01219041932517
6.7405152580634
5.91382332420076
5.37550661445713
4.67703163342133
4.21972408919491
3.68767350995983
3.3155260340426
2.89813855458082
2.61482415867696
2.38330143533902
2.15649491504827
1.99300586011475
1.83204697223736
1.70624440536868
1.60684305155398
1.48861781212094
1.40163295209096
1.31848301501944
1.27061684333893
1.21773339390294
1.17422656065935
1.13569783268219
1.09740623594875
1.06927161463619
1.04531702293299
1.01873991177776
0.996841584487641
0.97760442575984
0.968305321052672
0.95658735813715
0.940469210533907
0.930441478692575
0.918279452315838
0.913144053163165
0.909402784089886
0.907238059277443
0.904993805525038
0.903630721048445
0.899904344184081
0.899079831742686
0.898690830895537
0.898640393994989
0.898048575438433
0.898048575438433
0.897848190314726
0.897848190314726
0.897848190314726
0.897848190314726
0.897848190314726
0.897848190314726
0.897848190314726
0.897848190314726
0.897848190314726
0.897848190314726
0.897848190314726
0.897848190314726
0.897848190314726
0.897848190314726
0.897848190314726
0.897848190314726
0.897848190314726
0.897848190314726
0.897848190314726
0.897848190314726
0.897848190314726
0.897848190314726
0.897848190314726
0.897848190314726
0.897848190314726
0.897848190314726
0.897848190314726
0.897848190314726
0.897848190314726
0.897848190314726
0.897848190314726
0.897848190314726
0.897848190314726
0.897848190314726
0.897848190314726
0.897848190314726
0.897848190314726
0.897848190314726
0.897848190314726
0.897848190314726
0.897848190314726
0.897848190314726
0.897848190314726
0.897848190314726
0.897848190314726
0.897848190314726
0.897848190314726
0.897848190314726
0.897848190314726
0.897848190314726
0.897848190314726
0.897848190314726
0.897848190314726
0.897848190314726
0.897848190314726
0.897848190314726
0.897848190314726
0.897848190314726
0.897848190314726
0.897848190314726
0.897848190314726
0.897848190314726
0.897848190314726
0.897848190314726
0.897848190314726
0.897848190314726
0.897848190314726
0.897848190314726
0.897848190314726
0.897848190314726
0.897848190314726
0.897848190314726
0.897848190314726
0.897848190314726
0.897848190314726
0.897848190314726
0.897848190314726
0.897848190314726
0.897848190314726
0.897848190314726
0.897848190314726
0.897848190314726
0.897848190314726
0.897848190314726
0.897848190314726
0.897848190314726
0.897848190314726
0.897848190314726
0.897848190314726
0.897848190314726
0.897848190314726
0.897848190314726
0.897848190314726
0.897848190314726
0.897848190314726
0.897848190314726
0.897848190314726
0.897848190314726
0.897848190314726
0.897848190314726
0.897848190314726
0.897848190314726
0.897848190314726
0.897848190314726
0.897848190314726
0.897848190314726
0.897848190314726
0.897848190314726
0.897848190314726
0.897848190314726
0.897848190314726
0.897848190314726
0.897848190314726
0.897848190314726
0.897848190314726
0.897848190314726
0.897848190314726
0.897848190314726
0.897848190314726
0.897848190314726
0.897848190314726
0.897848190314726
0.897848190314726
0.897848190314726
0.897848190314726
0.897848190314726
0.897848190314726
0.897848190314726
0.897848190314726
0.897848190314726
0.897848190314726
0.897848190314726
0.897848190314726
0.897848190314726
0.897848190314726
0.897848190314726
0.897848190314726
0.897848190314726
0.897848190314726
0.897848190314726
0.897848190314726
0.897848190314726
0.897848190314726
0.897848190314726
0.897848190314726
0.897848190314726
0.897848190314726
0.897848190314726
0.897848190314726
0.897848190314726
0.897848190314726
0.897848190314726
0.897848190314726
0.897848190314726
0.897848190314726
0.897848190314726
0.897848190314726
0.897848190314726
0.897848190314726
0.897848190314726
0.897848190314726
0.897848190314726
0.897848190314726
0.897848190314726
0.897848190314726
0.897848190314726
0.897848190314726
0.897848190314726
0.897848190314726
0.897848190314726
0.897848190314726
0.897848190314726
0.897848190314726
0.897848190314726
0.897848190314726
0.897848190314726
0.897848190314726
0.897848190314726
0.897848190314726
0.897848190314726
0.897848190314726
0.897848190314726
0.897848190314726
0.897848190314726
0.897848190314726
0.897848190314726
0.897848190314726
0.897848190314726
0.897848190314726
0.897848190314726
0.897848190314726
0.897848190314726
0.897848190314726
0.897848190314726
0.897848190314726
0.897848190314726
0.897848190314726
0.897848190314726
0.897848190314726
0.897848190314726
0.897848190314726
0.897848190314726
0.897848190314726
0.897848190314726
0.897848190314726
