100000
29020.1346796091
25493.5381983543
23489.0361335304
20666.3035121979
18491.1273005229
17051.2888977447
15970.3605661845
14062.0005592138
12474.878667764
11194.5255423506
10047.3637188215
9115.45891807569
8455.19863404181
7643.78358974556
6799.9586921113
6107.78858905883
5534.6703561862
4947.71278049143
4463.27159100318
4147.55041015093
3723.90009745224
3284.06646822971
2985.58204127517
2696.03279031785
2461.64083147282
2199.3257661531
1995.76366556832
1796.90980235022
1589.27397679399
1442.74739364817
1307.73515847332
1206.66781425523
1087.03575492765
976.030449871875
878.051865451281
804.517653067761
733.103536806559
648.318278821865
576.176072662981
526.528497026922
477.820564420709
429.013866625364
376.722542540677
343.756139025876
312.935759170479
285.116796875898
256.052973922602
230.286698154269
208.840721595622
187.019849782161
171.941509773232
151.407885573449
135.990418687087
122.908987023959
110.049920214313
100.444349511883
90.7995622416374
82.1123390462868
74.9369515799614
68.3327137214596
62.7879799352405
55.4285138039937
50.1859197853031
45.117019924872
41.4504394573729
37.6278570615535
33.876187847278
30.0776342786533
27.3029268365273
24.3242161384726
22.2184470518438
19.9677247805884
18.2721096356821
16.2692658813464
14.8349204899034
13.4695811062975
12.3903709738848
11.0584780476568
9.91417221214817
8.98827045638141
8.28536271822148
7.50014030460512
6.74121707060035
6.11820773368911
5.53252239057748
5.09896490975543
4.64516403100285
4.23568689950022
3.78806119770771
3.5415735066079
3.21238473007645
2.89233681978659
2.6875408114054
2.4982751402482
2.32060593090409
2.15097728211692
1.9439616877236
1.80212176519791
1.65941538494903
1.55188808500381
1.47798624310407
1.39849658341989
1.32818740807264
1.25191188987637
1.22214054996134
1.16421612661586
1.11189814597022
1.07232231713261
1.02485572631163
0.987124445269282
0.950842870879962
0.92924308840928
0.903617651662357
0.88780687576417
0.871490103745871
0.862747047237035
0.848673030278835
0.8399807637201
0.834285005196788
0.828456994913725
0.82245333432566
0.819768567024172
0.816588543181599
0.811388424213548
0.810280563257384
0.806730855233263
0.806503021834658
0.806039886545572
0.804626863446306
0.80454784607613
0.80454784607613
0.80454784607613
0.804410950165781
0.804145953279996
0.804145953279996
0.804145953279996
0.804145953279996
0.804145953279996
0.804145953279996
0.803939024030851
0.803939024030851
0.803939024030851
0.803939024030851
0.803939024030851
0.803939024030851
0.803939024030851
0.803939024030851
0.803939024030851
0.803939024030851
0.803939024030851
0.803939024030851
0.803939024030851
0.803939024030851
0.803939024030851
0.803939024030851
0.803939024030851
0.803939024030851
0.803939024030851
0.803939024030851
0.803939024030851
0.803939024030851
0.803939024030851
0.803939024030851
0.803939024030851
0.803939024030851
0.803939024030851
0.803939024030851
0.803939024030851
0.803939024030851
0.803939024030851
0.803939024030851
0.803939024030851
0.803939024030851
0.803939024030851
0.803939024030851
0.803939024030851
0.803939024030851
0.803939024030851
0.803939024030851
0.803939024030851
0.803939024030851
0.803939024030851
0.803939024030851
0.803939024030851
0.803939024030851
0.803939024030851
0.803939024030851
0.803939024030851
0.803939024030851
0.803939024030851
0.803939024030851
0.803939024030851
0.803939024030851
0.803939024030851
0.803939024030851
0.803939024030851
0.803939024030851
0.803939024030851
0.803939024030851
0.803939024030851
0.803939024030851
0.803939024030851
0.803939024030851
0.803939024030851
0.803939024030851
0.803939024030851
0.803939024030851
0.803939024030851
0.803939024030851
0.803939024030851
0.803939024030851
0.803939024030851
0.803939024030851
0.803939024030851
0.803939024030851
0.803939024030851
0.803939024030851
0.803939024030851
0.803939024030851
0.803939024030851
0.803939024030851
0.803939024030851
0.803939024030851
0.803939024030851
0.803939024030851
0.803939024030851
0.803939024030851
0.803939024030851
0.803939024030851
0.803939024030851
0.803939024030851
0.803939024030851
0.803939024030851
0.803939024030851
0.803939024030851
0.803939024030851
0.803939024030851
0.803939024030851
0.803939024030851
0.803939024030851
0.803939024030851
0.803939024030851
0.803939024030851
0.803939024030851
0.803939024030851
0.803939024030851
0.803939024030851
0.803939024030851
0.803939024030851
0.803939024030851
0.803939024030851
0.803939024030851
0.803939024030851
0.803939024030851
0.803939024030851
0.803939024030851
0.803939024030851
0.803939024030851
0.803939024030851
0.803939024030851
0.803939024030851
0.803939024030851
0.803939024030851
0.803939024030851
0.803939024030851
0.803939024030851
0.803939024030851
0.803939024030851
0.803939024030851
0.803939024030851
0.803939024030851
0.803939024030851
0.803939024030851
0.803939024030851
0.803939024030851
0.803939024030851
0.803939024030851
0.803939024030851
0.803939024030851
0.803939024030851
0.803939024030851
0.803939024030851
0.803939024030851
0.803939024030851
0.803939024030851
0.803939024030851
0.803939024030851
0.803939024030851
0.803939024030851
0.803939024030851
0.803939024030851
0.803939024030851
0.803939024030851
0.803939024030851
0.803939024030851
0.803939024030851
0.803939024030851
0.803939024030851
0.803939024030851
