100000
100000
100000
100000
100000
100000
100000
100000
100000
100000
100000
100000
100000
100000
100000
100000
100000
100000
100000
100000
100000
100000
100000
100000
100000
100000
100000
100000
100000
100000
100000
100000
100000
100000
100000
100000
100000
100000
100000
100000
100000
99571.5971081766
99128.326061967
92177.9827156864
78767.8611355976
64687.8571627159
52575.2707616802
44302.9273899408
36617.2562024742
30418.3686865428
24905.2680702128
20852.4964646877
17992.2406114696
14577.206100033
12066.5623425017
10123.441751391
8595.93761419924
7465.4039852252
6460.48884545553
5301.00445196452
4666.72250485532
3817.30374057583
3250.5731631139
2802.14914981024
2471.78694530948
2163.52102313459
1886.86647764155
1630.63698153432
1444.54438969154
1320.44214557953
1155.55258263912
991.911305071489
895.559030051468
807.046010484375
712.744353634258
625.684271717899
570.648111143665
514.644069817899
476.291840205892
439.205078848794
392.726812045382
348.74387994256
317.052718093643
296.144826638822
268.486398212508
243.833518848157
224.347661774196
207.806662367627
188.250845068452
177.269194731816
165.025612948596
154.064760483136
143.546454723571
132.250975599031
124.29001412562
117.110475946308
110.10020111515
104.226760354282
99.1907810738906
93.8985011357608
89.0487216734386
85.6217932263152
82.2533342597317
78.4423941107812
75.1039022283499
73.13223426106
70.9534800400357
68.4466975181538
66.4088517748836
65.048847070225
63.4072333591329
61.7805408269387
60.431795663777
59.3621104987763
58.2683575339542
57.5837820875975
56.6642433055998
55.7474759074866
55.1715313292789
54.4788345345371
53.9986637688167
53.4494641324562
52.9381382175628
52.5746921409699
52.2330360750492
51.8027866851597
51.4635202292642
51.2766522631512
51.0562087131308
50.8155486259039
50.5701651969701
50.4187514369905
50.2515820464316
50.1083335904221
49.9669520614198
49.863867203581
49.7518225180994
49.6500675473084
49.5520819941447
49.4925405948845
49.4298076649257
49.3826294252828
49.3037801015744
49.2645089824496
49.2093438590222
49.1769526548921
49.143265951031
49.114107447085
49.0946343024704
49.071959112947
49.045466441901
49.0224996470111
49.0006019890778
48.9854363849267
48.9687718279787
48.9530704795926
48.9473575994505
48.9398376806514
48.9342688147087
48.929983626807
48.9257355967773
48.9208962801757
48.9175015148217
48.9143124687112
48.9113484894521
48.9097291219347
48.9078115743059
48.9072170086692
48.9057300429216
48.9036298869371
48.9027779045523
48.9023897163848
48.9023897163848
48.9021962358163
48.9021845467478
48.9021845467478
48.9021845467478
48.9021845467478
48.9021845467478
48.9021845467478
48.9021845467478
48.9021845467478
48.9021845467478
48.9021845467478
48.9021845467478
48.9021845467478
48.9021845467478
48.9021845467478
48.9021845467478
48.9021845467478
48.9021845467478
48.9021845467478
48.9021845467478
48.9021845467478
48.9021845467478
48.9021845467478
48.9021845467478
48.9021845467478
48.9021845467478
48.9021845467478
48.9021845467478
48.9021845467478
48.9021845467478
48.9021845467478
48.9021845467478
48.9021845467478
48.9021845467478
48.9021845467478
48.9021845467478
48.9021845467478
48.9021845467478
48.9021845467478
48.9021845467478
48.9021845467478
48.9021845467478
48.9021845467478
48.9021845467478
48.9021845467478
48.9021845467478
48.9021845467478
48.9021845467478
48.9021845467478
48.9021845467478
48.9021845467478
48.9021845467478
48.9021845467478
48.9021845467478
48.9021845467478
48.9021845467478
48.9021845467478
48.9021845467478
48.9021845467478
48.9021845467478
48.9021845467478
48.9021845467478
48.9021845467478
48.9021845467478
48.9021845467478
48.9021845467478
48.9021845467478
48.9021845467478
48.9021845467478
48.9021845467478
48.9021845467478
48.9021845467478
48.9021845467478
48.9021845467478
48.9021845467478
48.9021845467478
48.9021845467478
48.9021845467478
48.9021845467478
48.9021845467478
48.9021845467478
48.9021845467478
48.9021845467478
48.9021845467478
48.9021845467478
48.9021845467478
48.9021845467478
48.9021845467478
48.9021845467478
48.9021845467478
48.9021845467478
48.9021845467478
48.9021845467478
48.9021845467478
48.9021845467478
48.9021845467478
48.9021845467478
48.9021845467478
48.9021845467478
48.9021845467478
48.9021845467478
48.9021845467478
48.9021845467478
48.9021845467478
48.9021845467478
48.9021845467478
48.9021845467478
48.9021845467478
48.9021845467478
48.9021845467478
48.9021845467478
48.9021845467478
48.9021845467478
48.9021845467478
48.9021845467478
48.9021845467478
48.9021845467478
48.9021845467478
48.9021845467478
48.9021845467478
48.9021845467478
48.9021845467478
48.9021845467478
48.9021845467478
48.9021845467478
48.9021845467478
48.9021845467478
