100000
-0.0026164134581356
-0.0051316402269695
-0.00851403892715431
-0.01286175700745
-0.0201568629499712
-0.0290321400612408
-0.0395438297562387
-0.0533824684683897
-0.0694071962562238
-0.094068160011767
-0.116576874908307
-0.149091253793531
-0.179103818925191
-0.209764924874908
-0.238231295919437
-0.273043651445993
-0.31552438048036
-0.351358824823442
-0.384730936580359
-0.431823993117411
-0.470439350007718
-0.499374207732265
-0.53439329414816
-0.56523619107486
-0.605708527546119
-0.635115687567519
-0.658259420248698
-0.689533476198892
-0.711735268493552
-0.734510042332206
-0.756870906028382
-0.774898473857954
-0.794389153951294
-0.815330824713901
-0.833593076243306
-0.848600209060177
-0.860898636642318
-0.873813781107217
-0.886608852722364
-0.895715654242965
-0.906661515601325
-0.914790684742302
-0.922390007274884
-0.929431339794272
-0.935693664708433
-0.942176361695881
-0.948138188010552
-0.952608287027448
-0.957129024301077
-0.961101373288751
-0.965577380257104
-0.968537600411627
-0.971903789444792
-0.974164715801448
-0.976701610798814
-0.978918383815318
-0.980969756306674
-0.982842862780827
-0.984338734768121
-0.985840231628184
-0.987300918684103
-0.988558673475527
-0.989589097885958
-0.990826815089134
-0.991534587724368
-0.99242509327337
-0.993018059212739
-0.993739430096918
-0.994389689175487
-0.994947659697105
-0.995373864635183
-0.995811490911206
-0.996162028054429
-0.996641549780149
-0.996934343961024
-0.997227764577839
-0.997490104490023
-0.997723168917323
-0.997920119118198
-0.99810600058593
-0.998268241912672
-0.998420160125465
-0.998583263580846
-0.99870819325751
-0.998834310546552
-0.998920684782538
-0.999014992057848
-0.999113277050933
-0.999190808779292
-0.999262055680527
-0.999323731787133
-0.999375957247316
-0.999418765579496
-0.999469680063436
-0.999506882888466
-0.999551657227254
-0.999581144567253
-0.999612152424873
-0.99964041698393
-0.99965950367503
-0.999677629687154
-0.999696769612547
-0.999713233507828
-0.999727231031377
-0.999740302796331
-0.999754256037037
-0.99976229323661
-0.999773007163544
-0.999781513065554
-0.999790245671875
-0.999795253762805
-0.999799673447626
-0.99980556802775
-0.999810612724086
-0.999812447134338
-0.999815283667101
-0.999817870730142
-0.999819830602533
-0.999820916655818
-0.999822476691768
-0.999823540850962
-0.999823965727258
-0.999824943125558
-0.999825371639251
-0.999826280955062
-0.999826851869771
-0.999827448306646
-0.99982766255529
-0.999828035384197
-0.999828455613295
-0.999828756420497
-0.999828887446231
-0.999829082461334
-0.999829082461334
-0.999829277744685
-0.999829277744685
-0.999829380833225
-0.999829380833225
-0.999829515281384
-0.999829515281384
-0.999829515281384
-0.999829515281384
-0.999829515281384
-0.999829515281384
-0.999829515281384
-0.999829515281384
-0.999829515281384
-0.999829515281384
-0.999829515281384
-0.999829515281384
-0.999829515281384
-0.999829515281384
-0.999829515281384
-0.999829515281384
-0.999829515281384
-0.999829515281384
-0.999829515281384
-0.999829515281384
-0.999829515281384
-0.999829515281384
-0.999829515281384
-0.999829515281384
-0.999829515281384
-0.999829515281384
-0.999829515281384
-0.999829515281384
-0.999829515281384
-0.999829515281384
-0.999829515281384
-0.999829515281384
-0.999829515281384
-0.999829515281384
-0.999829515281384
-0.999829515281384
-0.999829515281384
-0.999829515281384
-0.999829515281384
-0.999829515281384
-0.999829515281384
-0.999829515281384
-0.999829515281384
-0.999829515281384
-0.999829515281384
-0.999829515281384
-0.999829515281384
-0.999829515281384
-0.999829515281384
-0.999829515281384
-0.999829515281384
-0.999829515281384
-0.999829515281384
-0.999829515281384
-0.999829515281384
-0.999829515281384
-0.999829515281384
-0.999829515281384
-0.999829515281384
-0.999829515281384
-0.999829515281384
-0.999829515281384
-0.999829515281384
-0.999829515281384
-0.999829515281384
-0.999829515281384
-0.999829515281384
-0.999829515281384
-0.999829515281384
-0.999829515281384
-0.999829515281384
-0.999829515281384
-0.999829515281384
-0.999829515281384
-0.999829515281384
-0.999829515281384
-0.999829515281384
-0.999829515281384
-0.999829515281384
-0.999829515281384
-0.999829515281384
-0.999829515281384
-0.999829515281384
-0.999829515281384
-0.999829515281384
-0.999829515281384
-0.999829515281384
-0.999829515281384
-0.999829515281384
-0.999829515281384
-0.999829515281384
-0.999829515281384
-0.999829515281384
-0.999829515281384
-0.999829515281384
-0.999829515281384
-0.999829515281384
-0.999829515281384
-0.999829515281384
-0.999829515281384
-0.999829515281384
-0.999829515281384
-0.999829515281384
-0.999829515281384
-0.999829515281384
-0.999829515281384
-0.999829515281384
-0.999829515281384
-0.999829515281384
-0.999829515281384
-0.999829515281384
-0.999829515281384
-0.999829515281384
-0.999829515281384
-0.999829515281384
-0.999829515281384
-0.999829515281384
-0.999829515281384
-0.999829515281384
-0.999829515281384
-0.999829515281384
-0.999829515281384
-0.999829515281384
-0.999829515281384
-0.999829515281384
-0.999829515281384
-0.999829515281384
-0.999829515281384
-0.999829515281384
-0.999829515281384
-0.999829515281384
-0.999829515281384
-0.999829515281384
-0.999829515281384
-0.999829515281384
-0.999829515281384
-0.999829515281384
-0.999829515281384
-0.999829515281384
-0.999829515281384
-0.999829515281384
-0.999829515281384
-0.999829515281384
-0.999829515281384
-0.999829515281384
-0.999829515281384
-0.999829515281384
-0.999829515281384
-0.999829515281384
-0.999829515281384
-0.999829515281384
-0.999829515281384
-0.999829515281384
-0.999829515281384
-0.999829515281384
-0.999829515281384
-0.999829515281384
-0.999829515281384
-0.999829515281384
-0.999829515281384
-0.999829515281384
