100000
64020.3611764271
56973.7590740941
51790.7673853724
46227.9609090262
41603.8744522424
37789.6604344125
34536.49722628
31087.3185985457
27142.0184198118
25221.5762965641
22233.9970496295
20613.3327886021
18420.2416821608
16405.4878363412
14954.3930737683
13726.1987832115
12428.9968917173
10978.876926247
10189.8555811121
9208.95479181068
8037.05518201579
7275.81130150332
6494.31261537754
5961.23939311812
5419.98211408456
4810.64432376375
4368.20048020803
3939.37807460144
3553.96434015133
3238.274200244
2890.56189802144
2599.9994318839
2367.54580060841
2145.38639524987
1908.58312861455
1740.10762115908
1584.87904003835
1401.03014435995
1262.85539071741
1145.76155543706
1029.68185127598
944.730137606542
837.237803151142
753.992638944464
695.215083970551
617.200879147473
554.232855030611
504.496731274869
462.267365540247
421.755398689546
376.593367492648
342.314428751342
297.439288922096
275.446275551937
249.494215921225
222.17711967904
194.14160831819
175.075141589299
162.867905771964
150.983205491816
134.124545367806
121.022290038792
109.402621091715
98.3680906077359
88.9198291699801
81.157843888631
75.6814910875719
65.9572855570213
59.0459419119102
53.1826268463881
48.2321261142597
43.829836584941
40.1456940701895
36.279390123491
32.408290467935
29.1521790183826
26.3493864505801
24.1637037228816
21.6445352934822
19.6419103996006
17.8923948421434
16.1269775650139
14.7529387918258
13.3678505179383
11.8834050581764
10.8530074918502
9.49866383547297
8.85272349338667
8.12133771623902
7.59592968897445
6.8092245082241
6.14595911213084
5.67472874190813
5.23032887996907
4.75244372661256
4.36961683734688
4.06055829901305
3.79344693087372
3.4491288672067
3.27036432965734
3.10759520153159
2.90929666141198
2.74677854815908
2.59047034446772
2.44442444575734
2.38120562300954
2.28754583841044
2.1684708334728
2.08831977222679
2.02580812752862
1.94215412041441
1.8944979702679
1.88518516380725
1.82424858710104
1.79786216487819
1.77517822814346
1.75230431068077
1.74085762828496
1.72705382492145
1.71905367401666
1.71464403763129
1.70912813516085
1.70751621832559
1.70751621832559
1.70693665266102
1.70643226462957
1.70300986901656
1.70070584708606
1.7005406868618
1.7005406868618
1.7005406868618
1.7005406868618
1.7005406868618
1.7005406868618
1.7005406868618
1.7005406868618
1.7005406868618
1.7005406868618
1.7005406868618
1.7005406868618
1.7005406868618
1.7005406868618
1.7005406868618
1.7005406868618
1.7005406868618
1.7005406868618
1.7005406868618
1.7005406868618
1.7005406868618
1.7005406868618
1.7005406868618
1.7005406868618
1.7005406868618
1.7005406868618
1.7005406868618
1.7005406868618
1.7005406868618
1.7005406868618
1.7005406868618
1.7005406868618
1.7005406868618
1.7005406868618
1.7005406868618
1.7005406868618
1.7005406868618
1.7005406868618
1.7005406868618
1.7005406868618
1.7005406868618
1.7005406868618
1.7005406868618
1.7005406868618
1.7005406868618
1.7005406868618
1.7005406868618
1.7005406868618
1.7005406868618
1.7005406868618
1.7005406868618
1.7005406868618
1.7005406868618
1.7005406868618
1.7005406868618
1.7005406868618
1.7005406868618
1.7005406868618
1.7005406868618
1.7005406868618
1.7005406868618
1.7005406868618
1.7005406868618
1.7005406868618
1.7005406868618
1.7005406868618
1.7005406868618
1.7005406868618
1.7005406868618
1.7005406868618
1.7005406868618
1.7005406868618
1.7005406868618
1.7005406868618
1.7005406868618
1.7005406868618
1.7005406868618
1.7005406868618
1.7005406868618
1.7005406868618
1.7005406868618
1.7005406868618
1.7005406868618
1.7005406868618
1.7005406868618
1.7005406868618
1.7005406868618
1.7005406868618
1.7005406868618
1.7005406868618
1.7005406868618
1.7005406868618
1.7005406868618
1.7005406868618
1.7005406868618
1.7005406868618
1.7005406868618
1.7005406868618
1.7005406868618
1.7005406868618
1.7005406868618
1.7005406868618
1.7005406868618
1.7005406868618
1.7005406868618
1.7005406868618
1.7005406868618
1.7005406868618
1.7005406868618
1.7005406868618
1.7005406868618
1.7005406868618
1.7005406868618
1.7005406868618
1.7005406868618
1.7005406868618
1.7005406868618
1.7005406868618
1.7005406868618
1.7005406868618
1.7005406868618
1.7005406868618
1.7005406868618
1.7005406868618
1.7005406868618
1.7005406868618
1.7005406868618
1.7005406868618
1.7005406868618
1.7005406868618
1.7005406868618
1.7005406868618
1.7005406868618
1.7005406868618
1.7005406868618
1.7005406868618
1.7005406868618
1.7005406868618
1.7005406868618
1.7005406868618
1.7005406868618
1.7005406868618
1.7005406868618
1.7005406868618
1.7005406868618
1.7005406868618
1.7005406868618
1.7005406868618
1.7005406868618
1.7005406868618
1.7005406868618
1.7005406868618
1.7005406868618
1.7005406868618
1.7005406868618
1.7005406868618
1.7005406868618
1.7005406868618
1.7005406868618
1.7005406868618
1.7005406868618
1.7005406868618
1.7005406868618
1.7005406868618
1.7005406868618
1.7005406868618
1.7005406868618
1.7005406868618
1.7005406868618
1.7005406868618
1.7005406868618
