100000
-0.0455242845932472
-0.0596136804918062
-0.0775709534676585
-0.102699958773626
-0.126528650061301
-0.153560438740921
-0.181272052403652
-0.214856217634637
-0.250355367432378
-0.287545227396836
-0.322902671280706
-0.361744490248247
-0.40304497343489
-0.449354923668328
-0.480533621896018
-0.513189059912205
-0.546060871679266
-0.579567706021794
-0.609017525067799
-0.635620674287683
-0.663220508619398
-0.697312668121689
-0.722544425735431
-0.741445398970525
-0.762311418041287
-0.781785545267831
-0.80223166495887
-0.819165286132268
-0.836950658509849
-0.849089721055469
-0.865078704950266
-0.87653053148701
-0.888058124875581
-0.899324046682628
-0.909120935178056
-0.920173230342539
-0.925486224905076
-0.932308069048063
-0.938739385777928
-0.943397010232188
-0.947457909939105
-0.953309273464806
-0.958706639495836
-0.961770372320158
-0.9654580079324
-0.968665795412411
-0.971526803296981
-0.975001718947091
-0.977444847395629
-0.979358896074078
-0.981448543506713
-0.983136701617189
-0.985162647878518
-0.98636646676972
-0.987687379240718
-0.988788348980152
-0.989953007452883
-0.990863697333182
-0.991879115501666
-0.992466198900818
-0.993164875833809
-0.993885818169354
-0.994424714562058
-0.995059549563122
-0.995529392280582
-0.995970789130643
-0.996395696092193
-0.996680669087271
-0.997080709008347
-0.997332295455276
-0.997623349191481
-0.997849827908637
-0.998009246338103
-0.998195521168232
-0.998370145183791
-0.998549249072629
-0.998677340085152
-0.998797752571006
-0.998902027115344
-0.999003377218892
-0.999101176893898
-0.999178626453586
-0.999252058510432
-0.999338149953855
-0.999403304425901
-0.999446120048265
-0.999499829849543
-0.999541737744382
-0.999577212808225
-0.999615517339249
-0.999654983693974
-0.999681071211905
-0.999707112670899
-0.999728092487483
-0.999751693388207
-0.999771562028989
-0.999789210518764
-0.999809833909189
-0.999819469424045
-0.999829621031035
-0.999844213164409
-0.999851394857196
-0.999859911141507
-0.999866959006144
-0.9998737027254
-0.999879105769876
-0.999886665264343
-0.999890681470465
-0.999893936819552
-0.999896732011611
-0.999899115504571
-0.999901425936913
-0.999902965636308
-0.999904180923562
-0.999905400220615
-0.999906411202375
-0.999907330998196
-0.999908090827189
-0.999909361210971
-0.999909699330125
-0.999909925993838
-0.999910154297418
-0.999910376665658
-0.99991056940669
-0.999910775694993
-0.999910777941337
-0.999910827597119
-0.999910913954186
-0.999910937049788
-0.999910937049788
-0.999910937049788
-0.999910937049788
-0.999910937049788
-0.999910937049788
-0.999910937049788
-0.999910937049788
-0.999910937049788
-0.999910937049788
-0.999910937049788
-0.999910937049788
-0.999910937049788
-0.999910937049788
-0.999910937049788
-0.999910937049788
-0.999910937049788
-0.999910937049788
-0.999910937049788
-0.999910937049788
-0.999910937049788
-0.999910937049788
-0.999910937049788
-0.999910937049788
-0.999910937049788
-0.999910937049788
-0.999910937049788
-0.999910937049788
-0.999910937049788
-0.999910937049788
-0.999910937049788
-0.999910937049788
-0.999910937049788
-0.999910937049788
-0.999910937049788
-0.999910937049788
-0.999910937049788
-0.999910937049788
-0.999910937049788
-0.999910937049788
-0.999910937049788
-0.999910937049788
-0.999910937049788
-0.999910937049788
-0.999910937049788
-0.999910937049788
-0.999910937049788
-0.999910937049788
-0.999910937049788
-0.999910937049788
-0.999910937049788
-0.999910937049788
-0.999910937049788
-0.999910937049788
-0.999910937049788
-0.999910937049788
-0.999910937049788
-0.999910937049788
-0.999910937049788
-0.999910937049788
-0.999910937049788
-0.999910937049788
-0.999910937049788
-0.999910937049788
-0.999910937049788
-0.999910937049788
-0.999910937049788
-0.999910937049788
-0.999910937049788
-0.999910937049788
-0.999910937049788
-0.999910937049788
-0.999910937049788
-0.999910937049788
-0.999910937049788
-0.999910937049788
-0.999910937049788
-0.999910937049788
-0.999910937049788
-0.999910937049788
-0.999910937049788
-0.999910937049788
-0.999910937049788
-0.999910937049788
-0.999910937049788
-0.999910937049788
-0.999910937049788
-0.999910937049788
-0.999910937049788
-0.999910937049788
-0.999910937049788
-0.999910937049788
-0.999910937049788
-0.999910937049788
-0.999910937049788
-0.999910937049788
-0.999910937049788
-0.999910937049788
-0.999910937049788
-0.999910937049788
-0.999910937049788
-0.999910937049788
-0.999910937049788
-0.999910937049788
-0.999910937049788
-0.999910937049788
-0.999910937049788
-0.999910937049788
-0.999910937049788
-0.999910937049788
-0.999910937049788
-0.999910937049788
-0.999910937049788
-0.999910937049788
-0.999910937049788
-0.999910937049788
-0.999910937049788
-0.999910937049788
-0.999910937049788
-0.999910937049788
-0.999910937049788
-0.999910937049788
-0.999910937049788
-0.999910937049788
-0.999910937049788
-0.999910937049788
-0.999910937049788
-0.999910937049788
-0.999910937049788
-0.999910937049788
-0.999910937049788
-0.999910937049788
-0.999910937049788
-0.999910937049788
-0.999910937049788
-0.999910937049788
-0.999910937049788
-0.999910937049788
-0.999910937049788
-0.999910937049788
-0.999910937049788
-0.999910937049788
-0.999910937049788
-0.999910937049788
-0.999910937049788
-0.999910937049788
-0.999910937049788
-0.999910937049788
-0.999910937049788
-0.999910937049788
-0.999910937049788
-0.999910937049788
-0.999910937049788
-0.999910937049788
-0.999910937049788
-0.999910937049788
-0.999910937049788
-0.999910937049788
-0.999910937049788
-0.999910937049788
-0.999910937049788
-0.999910937049788
-0.999910937049788
-0.999910937049788
-0.999910937049788
-0.999910937049788
-0.999910937049788
-0.999910937049788
-0.999910937049788
-0.999910937049788
-0.999910937049788
