100000
114.295723129543
87.1679903054331
69.0048084037873
55.7295485967617
46.3544845067852
37.1997021974536
29.9998145836688
24.9751877561199
19.6735794955863
16.5425511809694
13.3100455469766
10.8573895652292
8.96066252834706
7.15624962766194
6.01110578853666
5.02349371090455
4.01308118887833
3.25105047439549
2.64004768259908
2.23711403970111
1.72102087911699
1.40217039924034
1.19097285465793
0.948584183831318
0.803548643642459
0.612621305645219
0.524293649885079
0.421947861169291
0.339963453578251
0.274910151422538
0.237169686572083
0.179414947153914
0.145671067625126
0.116766347371369
0.0928521420204861
0.0799396081238101
0.0665832824852092
0.053743108033921
0.0424239997424106
0.0349836990411068
0.0280817442872571
0.0239396437740211
0.0195927867324598
0.0146843230619275
0.0122966934510129
0.0104187936918733
0.00855562851291681
0.00700222899227045
0.00543142840285108
0.00444167982086241
0.00368868353182527
0.00315731161534686
0.00256638132849294
0.0020387705311148
0.00163836976517843
0.00131070216890961
0.00104601795207571
0.000882779161291459
0.000723100402629646
0.000597246751381939
0.000472761418420801
0.000388787828969655
0.0003094063150442
0.000260410476625142
0.000212869874365736
0.000178270884328046
0.000142001328202558
0.000119777886599783
9.31360852263932E-05
7.71179103768992E-05
6.35605210723304E-05
5.2761177910184E-05
4.10763044852873E-05
3.31497103370337E-05
2.76172964317339E-05
2.23290660599541E-05
1.82444002468889E-05
1.48206374908397E-05
1.30539246020213E-05
1.06312446599521E-05
9.0971124187746E-06
7.38121205226115E-06
5.84537458197989E-06
4.74359750798534E-06
3.84449040632889E-06
3.38462863894099E-06
2.76228381443383E-06
2.2615015182369E-06
1.97764525785776E-06
1.6400987508513E-06
1.38649004855686E-06
1.17022070647155E-06
9.822080039516E-07
8.3566622039654E-07
7.01933219822066E-07
5.76721737975469E-07
4.90325979933817E-07
4.31099400067212E-07
3.95866575068807E-07
3.59310162878713E-07
3.12624662974181E-07
2.68679143152724E-07
2.39664925035977E-07
2.07253494824239E-07
1.80183269483435E-07
1.68105424480277E-07
1.51792449047047E-07
1.41018486790784E-07
1.344481509834E-07
1.24349251715201E-07
1.13422675562145E-07
1.10692182738594E-07
1.07771287603153E-07
1.04817570258416E-07
1.01777759626562E-07
9.57579251435531E-08
9.18496199248869E-08
8.94438456784558E-08
8.66192517715914E-08
8.32916905498474E-08
8.22930501777748E-08
7.97993485233323E-08
7.93375031554291E-08
7.84084076488137E-08
7.74691724585619E-08
7.68625253015557E-08
7.67704006002428E-08
7.64726552015906E-08
7.64242311568571E-08
7.61818982277533E-08
7.60739855567499E-08
7.60648103068245E-08
7.60648103068245E-08
7.59722180817292E-08
7.59722180817292E-08
7.59722180817292E-08
7.59722180817292E-08
7.59722180817292E-08
7.59722180817292E-08
7.59722180817292E-08
7.59722180817292E-08
7.59722180817292E-08
7.59722180817292E-08
7.59722180817292E-08
7.59722180817292E-08
7.59722180817292E-08
7.59722180817292E-08
7.59722180817292E-08
7.59722180817292E-08
7.59722180817292E-08
7.59722180817292E-08
7.59722180817292E-08
7.59722180817292E-08
7.59722180817292E-08
7.59722180817292E-08
7.59722180817292E-08
7.59722180817292E-08
7.59722180817292E-08
7.59722180817292E-08
7.59722180817292E-08
7.59722180817292E-08
7.59722180817292E-08
7.59722180817292E-08
7.59722180817292E-08
7.59722180817292E-08
7.59722180817292E-08
7.59722180817292E-08
7.59722180817292E-08
7.59722180817292E-08
7.59722180817292E-08
7.59722180817292E-08
7.59722180817292E-08
7.59722180817292E-08
7.59722180817292E-08
7.59722180817292E-08
7.59722180817292E-08
7.59722180817292E-08
7.59722180817292E-08
7.59722180817292E-08
7.59722180817292E-08
7.59722180817292E-08
7.59722180817292E-08
7.59722180817292E-08
7.59722180817292E-08
7.59722180817292E-08
7.59722180817292E-08
7.59722180817292E-08
7.59722180817292E-08
7.59722180817292E-08
7.59722180817292E-08
7.59722180817292E-08
7.59722180817292E-08
7.59722180817292E-08
7.59722180817292E-08
7.59722180817292E-08
7.59722180817292E-08
7.59722180817292E-08
7.59722180817292E-08
7.59722180817292E-08
7.59722180817292E-08
7.59722180817292E-08
7.59722180817292E-08
7.59722180817292E-08
7.59722180817292E-08
7.59722180817292E-08
7.59722180817292E-08
7.59722180817292E-08
7.59722180817292E-08
7.59722180817292E-08
7.59722180817292E-08
7.59722180817292E-08
7.59722180817292E-08
7.59722180817292E-08
7.59722180817292E-08
7.59722180817292E-08
7.59722180817292E-08
7.59722180817292E-08
7.59722180817292E-08
7.59722180817292E-08
7.59722180817292E-08
7.59722180817292E-08
7.59722180817292E-08
7.59722180817292E-08
7.59722180817292E-08
7.59722180817292E-08
7.59722180817292E-08
7.59722180817292E-08
7.59722180817292E-08
7.59722180817292E-08
7.59722180817292E-08
7.59722180817292E-08
7.59722180817292E-08
7.59722180817292E-08
7.59722180817292E-08
7.59722180817292E-08
7.59722180817292E-08
7.59722180817292E-08
7.59722180817292E-08
7.59722180817292E-08
7.59722180817292E-08
7.59722180817292E-08
7.59722180817292E-08
7.59722180817292E-08
7.59722180817292E-08
7.59722180817292E-08
7.59722180817292E-08
7.59722180817292E-08
7.59722180817292E-08
7.59722180817292E-08
7.59722180817292E-08
7.59722180817292E-08
7.59722180817292E-08
7.59722180817292E-08
7.59722180817292E-08
7.59722180817292E-08
7.59722180817292E-08
7.59722180817292E-08
7.59722180817292E-08
7.59722180817292E-08
7.59722180817292E-08
7.59722180817292E-08
7.59722180817292E-08
7.59722180817292E-08
7.59722180817292E-08
7.59722180817292E-08
7.59722180817292E-08
7.59722180817292E-08
7.59722180817292E-08
7.59722180817292E-08
7.59722180817292E-08
7.59722180817292E-08
7.59722180817292E-08
7.59722180817292E-08
7.59722180817292E-08
7.59722180817292E-08
7.59722180817292E-08
7.59722180817292E-08
7.59722180817292E-08
7.59722180817292E-08
7.59722180817292E-08
7.59722180817292E-08
7.59722180817292E-08
7.59722180817292E-08
7.59722180817292E-08
7.59722180817292E-08
7.59722180817292E-08
7.59722180817292E-08
7.59722180817292E-08
7.59722180817292E-08
7.59722180817292E-08
7.59722180817292E-08
7.59722180817292E-08
7.59722180817292E-08
7.59722180817292E-08
7.59722180817292E-08
7.59722180817292E-08
7.59722180817292E-08
7.59722180817292E-08
7.59722180817292E-08
