100000
26.0118380556563
24.3285703526047
23.3491929504828
22.1258321325207
21.0656154126845
20.2115301011435
19.2779444243324
18.3056771766385
17.2412082256913
16.189303394611
15.5110916820072
14.8440169930708
14.0833102773623
13.5775542803002
12.8706111703385
12.2966424442806
11.7518354086824
11.2101319028631
10.6421312957236
10.0780544266021
9.60467116942236
9.10542547841112
8.66827547016395
8.13589656412364
7.73257474308552
7.33122918264013
6.94560081522725
6.70076931361591
6.37876838440853
6.03268213225631
5.75775266273939
5.46862604492009
5.28726662590236
5.0102915636932
4.7804241278991
4.5235323345211
4.26164150207587
4.01862748066873
3.8633979571647
3.65820742665655
3.44222560657425
3.2779339501691
3.15950203337293
3.03669211527988
2.89852525507864
2.72800508026217
2.58745883673166
2.46328762755553
2.33690461171156
2.24588096317173
2.13031974649391
2.03813572598921
1.93853034308447
1.84622021336687
1.72564264842176
1.65872031696198
1.56641917801374
1.49881022796835
1.43622867600045
1.35702515003019
1.29414067036042
1.22047502774409
1.16365541434124
1.1080592888844
1.05018839984244
0.993942884981826
0.950189659957123
0.904957584014107
0.87173350336589
0.826604651266472
0.793267463342922
0.760419757363947
0.710267208327917
0.678654886403448
0.644513342894318
0.615290698982451
0.594176631020716
0.571438947954219
0.536251895753006
0.507247439503684
0.491035921249029
0.461028228825593
0.434496334642071
0.415440817157955
0.403035895406186
0.39647898220903
0.388099866069037
0.365276381613128
0.337956025572911
0.315604078614241
0.304648464278967
0.300561152801352
0.299352154099492
0.299062599819383
0.293123311648832
0.281906701352817
0.268223588745319
0.241119686830942
0.220763176483091
0.207983318914436
0.204209393517343
0.202442031190618
0.201691522249823
0.200704506405015
0.200179158259138
0.199994463337746
0.199949376680821
0.199936357878183
0.19990972682339
0.199900807115674
0.199364704421278
0.19936453067447
0.19936331528637
0.199362932123498
0.199358765257355
0.199358125820164
0.199357811014257
0.197812240196368
0.197812000242095
0.197703353454879
0.197703353454879
0.197702481574029
0.197702438436476
0.197146212563794
0.197146212563794
0.197146212563794
0.197107684942028
0.197107603055635
0.196542389605047
0.196542389605047
0.196542389605047
0.196542389605047
0.196503272428675
0.196503272428675
0.196503272428675
0.196503272428675
0.196503272428675
0.196503272428675
0.196503272428675
0.196503272428675
0.196503272428675
0.196503272428675
0.196503272428675
0.196503272428675
0.196503272428675
0.196503272428675
0.196503272428675
0.196503272428675
0.196503272428675
0.196503272428675
0.196503272428675
0.196503272428675
0.196503272428675
0.196503272428675
0.196503272428675
0.196503272428675
0.196503272428675
0.196503272428675
0.196503272428675
0.196503272428675
0.196503272428675
0.196503272428675
0.196503272428675
0.196503272428675
0.196503272428675
0.196503272428675
0.196503272428675
0.196503272428675
0.196503272428675
0.196503272428675
0.196503272428675
0.196503272428675
0.196503272428675
0.196503272428675
0.196503272428675
0.196503272428675
0.196503272428675
0.196503272428675
0.196503272428675
0.196503272428675
0.196503272428675
0.196503272428675
0.196503272428675
0.196503272428675
0.196503272428675
0.196503272428675
0.196503272428675
0.196503272428675
0.196503272428675
0.196503272428675
0.196503272428675
0.196503272428675
0.196503272428675
0.196503272428675
0.196503272428675
0.196503272428675
0.196503272428675
0.196503272428675
0.196503272428675
0.196503272428675
0.196503272428675
0.196503272428675
0.196503272428675
0.196503272428675
0.196503272428675
0.196503272428675
0.196503272428675
0.196503272428675
0.196503272428675
0.196503272428675
0.196503272428675
0.196503272428675
0.196503272428675
0.196503272428675
0.196503272428675
0.196503272428675
0.196503272428675
0.196503272428675
0.196503272428675
0.196503272428675
0.196503272428675
0.196503272428675
0.196503272428675
0.196503272428675
0.196503272428675
0.196503272428675
0.196503272428675
0.196503272428675
0.196503272428675
0.196503272428675
0.196503272428675
0.196503272428675
0.196503272428675
0.196503272428675
0.196503272428675
0.196503272428675
0.196503272428675
0.196503272428675
0.196503272428675
0.196503272428675
0.196503272428675
0.196503272428675
0.196503272428675
0.196503272428675
0.196503272428675
0.196503272428675
0.196503272428675
0.196503272428675
0.196503272428675
0.196503272428675
0.196503272428675
0.196503272428675
0.196503272428675
0.196503272428675
0.196503272428675
0.196503272428675
0.196503272428675
0.196503272428675
0.196503272428675
0.196503272428675
0.196503272428675
0.196503272428675
0.196503272428675
0.196503272428675
0.196503272428675
0.196503272428675
0.196503272428675
0.196503272428675
0.196503272428675
0.196503272428675
0.196503272428675
0.196503272428675
0.196503272428675
0.196503272428675
0.196503272428675
0.196503272428675
0.196503272428675
0.196503272428675
0.196503272428675
0.196503272428675
0.196503272428675
0.196503272428675
0.196503272428675
0.196503272428675
0.196503272428675
0.196503272428675
0.196503272428675
0.196503272428675
0.196503272428675
0.196503272428675
0.196503272428675
0.196503272428675
0.196503272428675
0.196503272428675
0.196503272428675
0.196503272428675
0.196503272428675
0.196503272428675
0.196503272428675
