100000
-3.99701847397181
-4.59827032171481
-5.02939710082605
-5.29300303614103
-5.6701708253664
-6.03071786225507
-6.58615061186607
-7.22433161387794
-7.52281171868232
-7.76348601521205
-7.99841781011771
-8.00177673782271
-8.04484940129503
-8.11149729162531
-8.21572156232537
-8.52528923005654
-8.99064706331519
-10.2182163737813
-11.3984947600367
-12.4993604674416
-13.8043543335016
-14.5885460888041
-14.8832370668183
-14.9848823933384
-14.9848823933384
-14.9848823933384
-14.9848823933384
-14.9848823933384
-14.9848823933384
-14.9848823933384
-14.9848823933384
-14.9848823933384
-14.9848823933384
-14.9848823933384
-14.9848823933384
-14.9848823933384
-14.9848823933384
-14.9848823933384
-14.9848823933384
-14.9848823933384
-14.9848823933384
-14.9848823933384
-15.0161555222386
-15.0161555222386
-15.0237441672069
-15.2895442527895
-16.8975181271317
-18.6571488022781
-20.9123685079423
-23.1871705365859
-25.1035891305421
-27.3820513513128
-28.8231690245685
-30.3526334286904
-32.1941839901173
-33.8572680257548
-35.225605293885
-36.4046363806131
-37.6124984763691
-38.5434277451987
-39.4320575624774
-40.3961157094781
-41.3100644158481
-41.9386727452862
-42.5150957841112
-43.1708154636566
-43.7309540140732
-44.2272130392953
-44.6907647242028
-45.0400246622468
-45.3769429038255
-45.739910024431
-46.0809040308598
-46.3490245520321
-46.6352983296231
-46.8211725847087
-47.0249014414555
-47.2009938493518
-47.3697520648125
-47.5343814670061
-47.6802965539922
-47.8184117677159
-47.9124825259932
-48.0108331962144
-48.0883981827415
-48.1613930503297
-48.2356509614941
-48.3210894049434
-48.3873160513683
-48.4269690795417
-48.4558154548259
-48.5078046436972
-48.5473299355361
-48.5904637452565
-48.6205830861226
-48.6516484770066
-48.6749455903018
-48.6938497818193
-48.715561492622
-48.7350793498178
-48.7457792950505
-48.7647975074481
-48.7772778376034
-48.7882035024665
-48.7981868813816
-48.8085027452236
-48.8172986655174
-48.8230881797737
-48.829845137163
-48.8364462979904
-48.8395128605832
-48.8436393613486
-48.8477436606614
-48.8503189756463
-48.8526160391432
-48.8541816580992
-48.8558687548289
-48.8567987960949
-48.8586667756385
-48.8594453701572
-48.8600135786512
-48.8611276982596
-48.8614189765967
-48.8619446477556
-48.8627420097237
-48.8632395305655
-48.8637079426447
-48.8637625186588
-48.8637625186588
-48.8637625186588
-48.8637625186588
-48.863810710845
-48.8638828157615
-48.864019398379
-48.864019398379
-48.864019398379
-48.864019398379
-48.864019398379
-48.864019398379
-48.864019398379
-48.864019398379
-48.864019398379
-48.864019398379
-48.864019398379
-48.864019398379
-48.864019398379
-48.864019398379
-48.864019398379
-48.864019398379
-48.864019398379
-48.864019398379
-48.864019398379
-48.864019398379
-48.864019398379
-48.864019398379
-48.864019398379
-48.864019398379
-48.864019398379
-48.864019398379
-48.864019398379
-48.864019398379
-48.864019398379
-48.864019398379
-48.864019398379
-48.864019398379
-48.864019398379
-48.864019398379
-48.864019398379
-48.864019398379
-48.864019398379
-48.864019398379
-48.864019398379
-48.864019398379
-48.864019398379
-48.864019398379
-48.864019398379
-48.864019398379
-48.864019398379
-48.864019398379
-48.864019398379
-48.864019398379
-48.864019398379
-48.864019398379
-48.864019398379
-48.864019398379
-48.864019398379
-48.864019398379
-48.864019398379
-48.864019398379
-48.864019398379
-48.864019398379
-48.864019398379
-48.864019398379
-48.864019398379
-48.864019398379
-48.864019398379
-48.864019398379
-48.864019398379
-48.864019398379
-48.864019398379
-48.864019398379
-48.864019398379
-48.864019398379
-48.864019398379
-48.864019398379
-48.864019398379
-48.864019398379
-48.864019398379
-48.864019398379
-48.864019398379
-48.864019398379
-48.864019398379
-48.864019398379
-48.864019398379
-48.864019398379
-48.864019398379
-48.864019398379
-48.864019398379
-48.864019398379
-48.864019398379
-48.864019398379
-48.864019398379
-48.864019398379
-48.864019398379
-48.864019398379
-48.864019398379
-48.864019398379
-48.864019398379
-48.864019398379
-48.864019398379
-48.864019398379
-48.864019398379
-48.864019398379
-48.864019398379
-48.864019398379
-48.864019398379
-48.864019398379
-48.864019398379
-48.864019398379
-48.864019398379
-48.864019398379
-48.864019398379
-48.864019398379
-48.864019398379
-48.864019398379
-48.864019398379
-48.864019398379
-48.864019398379
-48.864019398379
-48.864019398379
-48.864019398379
-48.864019398379
-48.864019398379
-48.864019398379
-48.864019398379
-48.864019398379
-48.864019398379
-48.864019398379
-48.864019398379
-48.864019398379
-48.864019398379
-48.864019398379
-48.864019398379
-48.864019398379
-48.864019398379
-48.864019398379
-48.864019398379
-48.864019398379
-48.864019398379
-48.864019398379
-48.864019398379
-48.864019398379
-48.864019398379
-48.864019398379
-48.864019398379
-48.864019398379
-48.864019398379
-48.864019398379
-48.864019398379
-48.864019398379
-48.864019398379
-48.864019398379
-48.864019398379
-48.864019398379
-48.864019398379
-48.864019398379
-48.864019398379
-48.864019398379
-48.864019398379
-48.864019398379
-48.864019398379
-48.864019398379
-48.864019398379
-48.864019398379
-48.864019398379
-48.864019398379
-48.864019398379
-48.864019398379
-48.864019398379
