100000
99593.12889782
99427.8213675197
95947.9200599606
87688.4491679802
79615.9597078493
69849.7648607641
63687.0014628174
58305.8825915141
52591.2574495175
46836.6088320989
43074.0268364198
39054.6460486688
35311.9934845178
31548.9527121954
28131.078193372
25761.1902339137
23133.1234294456
21011.2190391639
19013.8346465063
17003.4969509699
15125.2444651187
13661.3955503311
12469.8447106491
11252.435767164
10180.3190800222
9192.48338652599
8306.18974925151
7517.66266362463
6899.41737757267
6144.55152423355
5566.31108366115
5015.1692050008
4509.77394775194
4049.86208508431
3721.61546625545
3398.71361794641
3045.83793252441
2698.94473124845
2432.26164277036
2200.35305941052
1970.82789421988
1764.32914346857
1614.13469102213
1440.14276901166
1304.31773117802
1178.71111789995
1072.23276074442
974.332955596303
867.610939145107
785.714392144601
698.827731957386
632.759165792666
585.633683758984
522.430451653405
455.369458091839
424.641343249195
384.519936548657
345.347347589048
311.03353000604
280.491547654626
257.303208905078
231.793142125366
210.920763103421
190.430838427008
167.311062040585
153.493623563972
139.649619635972
124.594917793567
111.706779797906
99.1766220146238
90.0557661614454
82.2523048824633
73.9380253058415
66.4935241646984
60.6108818870224
54.4586543918473
49.0398408403421
44.7344431200741
40.9429708750999
36.6313571650851
32.3157823877942
29.0988284394746
26.9624091939751
24.2276098641469
21.9630759727166
19.9216645539712
17.8641232409167
16.531016840392
14.9144912055582
13.2613223830934
11.9825051298033
10.7274365721493
9.79298676236959
8.96395926728768
8.16694474189084
7.36598900444721
6.68827350021885
6.15223126859364
5.65656900524877
5.06326799125546
4.68751093721124
4.31375975282494
3.93495065691706
3.61259788525424
3.36373305679262
3.01770331175608
2.81529651126629
2.59375771843558
2.48011165635227
2.29987712245658
2.15538590946601
1.99799809522747
1.87503544851571
1.74370640947876
1.66469363901524
1.57210961003001
1.46204082923897
1.39627014050304
1.33706726390846
1.28054572282865
1.24226414170196
1.19254574386554
1.14572083571268
1.11502060585763
1.07418663669905
1.04399579576728
1.01830710042542
0.999129087874836
0.980019277216878
0.961108020524904
0.947649118377849
0.93246843237753
0.916424664456875
0.902886663638154
0.893981425392111
0.885528284424115
0.877040818799544
0.867520900995325
0.860892862784044
0.854473573024961
0.849621257579724
0.844256865065334
0.83906786711899
0.834504192833097
0.831038300842917
0.827963957107047
0.824379645855551
0.821577158817783
0.819123618361109
0.816881575007845
0.81470262398467
0.812570688209284
0.810801157874011
0.809528386382144
0.808098487358504
0.806597637764119
0.805765294927572
0.804802159574832
0.803750288401761
0.802898119001361
0.802253973926738
0.801564639462995
0.800953797740971
0.800310373782124
0.799790027329184
0.799373349811006
0.798951335800547
0.798608182899973
0.798276074376199
0.797995611513171
0.797705870619492
0.797461489367222
0.797241754094791
0.797040181152147
0.796886482472972
0.796724254681752
0.79657093207447
0.796443597359206
0.796321375759861
0.796202216117672
0.796132180754605
0.796038074883697
0.795961107536807
0.795876568435264
0.795822570414944
0.795768550856801
0.795714823561712
0.795659684502756
0.795621963377944
0.795581901333455
0.795552038442228
0.79552113330128
0.79549005843216
0.795467930033552
0.79544515425407
0.795424461196336
0.795406731797272
0.795390192430795
0.795373668552896
0.795361379640266
0.795346292553643
0.795336030064447
0.79532626526708
0.795317264475094
0.795308189424348
0.795300543977795
0.795294944320421
0.795287852585959
0.795282563455798
0.795278120513676
0.79527470740378
0.795269909479503
0.795266556312003
0.795264025506711
0.79526062841432
0.795257638599961
0.795255288038445
0.795252673880145
0.795251066611663
0.795249090825333
0.795247777980362
0.795246205613832
0.795244843831856
0.795243651186336
0.7952426478471
0.795241776316497
0.795240823721861
0.795240007251251
0.795239239985966
0.795238821891013
0.795238309521473
0.795237728670798
0.795237281749704
0.795236856394221
0.795236401289334
0.795236052904854
0.795235805304553
0.795235478711978
0.795235245397763
0.795235045521434
0.795234805934633
0.795234668071066
0.795234452524593
0.795234316674056
0.79523417640378
0.795234050830238
0.795233954615398
0.79523386711983
0.795233762797224
0.795233669416723
0.795233604739216
0.795233537161888
0.795233477035774
0.795233423064508
0.795233378457289
0.795233337809601
0.795233290623804
0.795233263934887
0.795233226059061
0.795233194281194
0.795233167397472
0.795233144814882
0.795233122583016
0.795233106357531
0.795233091479957
0.79523307264389
0.795233056664685
0.795233044331959
0.795233032447325
0.795233023432032
0.795233014027739
0.795233004396923
0.795232995525944
0.795232989732378
0.795232983234631
0.795232978053661
0.79523297210633
0.795232968420476
0.795232964535816
0.795232961071341
0.79523295714742
0.795232954065364
0.795232951409591
0.79523294898826
0.795232946504265
0.795232944377957
0.795232942703834
0.795232941044439
0.795232939601717
0.795232938368608
0.795232936999128
0.795232935849662
0.795232935104861
0.795232934144855
0.795232933370506
0.795232932603674
0.795232931958219
0.79523293127196
0.795232930751677
