100000
63521.88
53821.6
49788.34
46039.52
40380.74
36959.5
33765.9
30252.46
27299.6
23997.06
22132
20330.98
18317.8
16257.02
14542.72
12695.06
11690.5
10611.24
9529.76
8488.14
7631.4
6929.16
6282.66
5605.06
5040.58
4599.2
4181.32
3661.86
3298.02
2957.34
2675
2344.14
2136.34
1966.18
1767.6
1592.2
1403.94
1248.44
1114.08
993.92
900.7
807.16
733.86
649.66
571.24
523.72
467.56
410.58
365.56
329.4
293.54
261.96
237.8
208.46
183.34
164.38
145.92
132.4
116.66
101.32
91.04
80.16
70.4
61.52
55.54
47.92
42.9
38.02
33.38
29.56
26.46
22.7
20.38
18.7
15.38
13.32
12.18
10.5
9.04
7.76
6.48
5.8
5.16
4.74
4.4
3.96
3.36
3.02
2.52
2.42
2.14
1.84
1.56
1.48
1.4
1.28
1.08
0.98
0.88
0.78
0.68
0.46
0.42
0.34
0.26
0.24
0.18
0.1
0.1
0.06
0.04
0.02
0.02
0.02
0.02
0.02
0
0
0
0
0
0
0
0
0
0
0
0
0
0
0
0
0
0
0
0
0
0
0
0
0
0
0
0
0
0
0
0
0
0
0
0
0
0
0
0
0
0
0
0
0
0
0
0
0
0
0
0
0
0
0
0
0
0
0
0
0
0
0
0
0
0
0
0
0
0
0
0
0
0
0
0
0
0
0
0
0
0
0
0
0
0
0
0
0
0
0
0
0
0
0
0
0
0
0
0
0
0
0
0
0
0
0
0
0
0
0
0
0
0
0
0
0
0
0
0
0
0
0
0
0
0
0
0
0
0
0
0
0
0
0
0
0
0
0
0
0
0
0
0
0
0
0
0
0
0
0
0
0
0
0
0
0
0
0
0
0
0
0
0
0
0
0
0
0
0
0
0
0
0
0
0
0
0
0
0
0
0
0
