100000
100000
100000
99981.7628788066
99981.7628788066
99981.7628788066
99981.7628788066
99730.2442942773
97885.2003954663
93545.8558248025
92726.7224429323
86868.8928881362
80166.2313647338
73993.3892993927
68872.2926155791
62759.0011952479
55866.6168567237
50426.7736834458
44050.0540077842
40791.4360747691
36671.2065164098
33897.7514127675
28509.9911429845
25933.8365703058
23745.1559167941
21151.7483653141
19367.6170163272
18379.1889070426
16881.9268012986
14296.72633684
12532.8779116297
11554.4109023669
10078.0919524845
9350.8490732118
8653.63381109721
8286.87946579695
7277.36624824841
6609.77493453155
5992.05805698079
5452.46770210855
4896.63758212611
4429.71885465225
3788.71254079154
3427.63389488019
2997.47141889307
2824.90066885135
2643.44657310868
2475.31461857138
2250.42850533256
1880.40449289428
1679.43499003683
1526.51305386119
1353.95228668445
1263.12755765585
1136.19820562116
1045.46801139331
950.083469563034
886.775232164539
786.432217494684
679.026757013964
646.03794258165
568.178963557922
521.102114727147
485.892058598026
419.040457089589
372.011984053082
326.588328036589
300.699377203047
272.849244012612
244.282432253902
223.319808759741
201.70767642284
178.798688255795
166.782381154783
155.012821486444
135.790611031574
118.861242237801
106.836331187623
93.8040688851867
85.8425029477946
77.4639194420517
69.7598556463428
63.398944733136
56.8138674724341
51.8149072296346
46.7693611483735
41.3374161314176
37.0237165550543
34.1996086081512
31.8113839622889
27.2358065954502
24.9076174778722
23.4639184660146
21.2936639746425
18.9955785171766
16.6441697593691
15.101988228318
14.0375726526361
12.32370279325
11.3649463564292
10.2489915656252
8.97738633835463
8.19455040611278
7.44111018301475
6.32359974746139
6.05961503544658
5.55856562415098
4.90966979739021
4.56974073591393
4.09146684379187
3.55129914176076
3.21023176213897
2.88051754189927
2.65981272846777
2.41199469903041
2.14667391090291
2.00980258212893
1.785726722189
1.55612342712961
1.46994399232462
1.3168560455796
1.18059751470891
1.09055765809306
0.941169482110126
0.854080132456297
0.762411042943869
0.70575769044031
0.641973738716859
0.597551083316503
0.541665173055184
0.492580224034619
0.441561567351995
0.398685536872277
0.356104328621246
0.319545948650071
0.274604275053554
0.254633646677087
0.22689564441099
0.211728303213677
0.188630332297709
0.163206075581568
0.146543225244186
0.13238889748492
0.119919969720327
0.109080013730036
0.10169726702042
0.0917491139014693
0.0831222884684095
0.076399651660345
0.0636935458691215
0.0577906417377806
0.0517533402171471
0.0482018853785124
0.0447194811315139
0.0406255678829342
0.0367549583831029
0.0330595595398134
0.0288412801671923
0.0262548160699063
0.0239031282560546
0.0220452204238881
0.0203095246487584
0.0184036716821553
0.0167376592526771
0.0147277896369606
0.0131968331212428
0.0118487386727515
0.0107416049173149
0.00996119963934365
0.00903123237092368
0.00800773989637272
0.00702976996809169
0.00657154879051032
0.00594671340953491
0.00523320190838674
0.0047723872926287
0.00438084501596121
0.00393062866522822
0.00343939097501718
0.00319089510280475
0.00294731920577441
0.00250607892649432
0.00224724698404
0.00205701013322329
0.0018621845727337
0.00168549554433827
0.00149909257541917
0.00139640028214617
0.00127356554110701
0.00117468148081655
0.00103233191861411
0.000881187568660177
0.000799019541661071
0.000733836908035728
0.000679724441405114
0.00059745702461587
0.000570555037101258
0.000515909970650184
0.00044884990368155
0.000403072591387837
0.000370471878089572
0.000319085219058786
0.000288257629213489
0.000261781421041833
0.000230432837557451
0.000209884490956886
0.000190033111229236
0.000167753154847774
0.000157756728149912
0.000149934916346527
0.000130418211185743
0.000118296880907077
0.000110584588346341
9.65807080880974E-05
8.5172592451794E-05
7.49581950473881E-05
6.72384648439318E-05
6.11155755681795E-05
5.58046620447068E-05
5.01083641406378E-05
4.33299033090481E-05
4.00090388196557E-05
3.68976587892549E-05
3.40912733053582E-05
3.05567116086176E-05
2.73675914232736E-05
2.47625503353234E-05
2.25965735261554E-05
2.0283165694103E-05
1.83298855274283E-05
1.68322315380731E-05
1.44574391670631E-05
1.27379083447281E-05
1.17159867300138E-05
1.04685045109138E-05
9.47815364066439E-06
8.67315288417231E-06
8.20934038218968E-06
7.46721114078274E-06
6.66345737306124E-06
5.98198171989785E-06
5.40672020959839E-06
4.91627587648346E-06
4.37630877897045E-06
3.90216205341263E-06
3.69704170969444E-06
3.21515602958195E-06
2.92473912526572E-06
2.6181498617343E-06
2.31799423502707E-06
2.15920265721927E-06
1.96310706320834E-06
1.80499606694735E-06
1.66321135966747E-06
1.49099428231546E-06
1.25528195925753E-06
1.14210173241408E-06
1.00234441370214E-06
9.18325651745475E-07
8.22604155968978E-07
7.50971678640068E-07
6.83080203958751E-07
6.28717844909481E-07
5.69395518509307E-07
5.14513495327571E-07
4.52997744954055E-07
4.21187051791113E-07
3.76039373405542E-07
3.40948539242861E-07
3.01938511475114E-07
2.6294244481363E-07
2.42248299698298E-07
2.16708886434345E-07
1.98164298704963E-07
1.69176017133378E-07
1.59657730733216E-07
1.48367282308004E-07
1.37289991064846E-07
1.20662227884429E-07
1.08701148745094E-07
9.87113996661975E-08
8.68184104688142E-08
7.64356380348542E-08
6.83227900303945E-08
6.26029199918089E-08
5.52491080810884E-08
5.03732169046725E-08
4.57824512820105E-08
4.19107443958674E-08
3.8830214956059E-08
3.4125322027483E-08
3.16030602300749E-08
2.76051893895361E-08
2.45568402176442E-08
2.29327228435866E-08
2.13008787986328E-08
1.85305323973786E-08
1.6823833153655E-08
1.55047888625903E-08
1.36231594862942E-08
