100000
582.346141490493
521.181641455871
465.949744003546
415.170282287082
375.539017809623
344.432807697429
314.321822936591
281.714548293921
255.195613381331
230.459790587124
209.801270300346
188.831347043025
168.932481131014
149.54677262398
133.309873980537
120.45122855148
109.810022905928
98.5898454829066
90.1728794692618
83.0553554543258
75.7265466680673
68.3268319548045
61.9976506998167
56.0745112398099
49.9851010244866
43.9193715300679
40.2065558329762
36.0116295932871
32.6351891925723
29.9500848378614
27.2058599196917
24.3214665903281
22.1115011116381
20.1567448094857
18.401156105572
17.051860393478
15.4434483995963
14.1036946984141
12.7442748934563
11.5169394951835
10.4791580978652
9.55235130959763
8.86932070272448
7.92498455006881
7.29788657271388
6.65326614857018
6.03768624838991
5.57985303149441
5.15274669569328
4.75621224633716
4.36170774710296
4.09890457917116
3.75591827941086
3.49262493478438
3.22773390084289
2.97455099796347
2.82989762977221
2.65205755831829
2.48100145444417
2.34870040039201
2.22977932689673
2.0961884509135
1.97253396393289
1.88775282938416
1.79960934517891
1.72527479586484
1.63661299288505
1.58719804675598
1.53298521034715
1.48196088313639
1.43560751811283
1.3889366009665
1.35935645012962
1.32320060442682
1.29021606199842
1.26262440396046
1.23469226387541
1.21281071566
1.19551956534388
1.17554845109581
1.16186022876123
1.14699653833152
1.13666123996654
1.12180081271691
1.11054272410888
1.09891196309447
1.09154597163823
1.08374798412882
1.07516102240888
1.0680299380943
1.06224928876206
1.05793917891677
1.0540099012885
1.04965477731291
1.04432750861226
1.0402530846341
1.03703221482471
1.03444893689967
1.03095536016692
1.02794920496088
1.02640403099174
1.0238316005074
1.01993981886885
1.01637370208912
1.01247088424427
1.00741066726822
1.00438655976784
0.999810946563954
0.993597219246856
0.990539791221219
0.986784675620547
0.983474463149804
0.982267143246104
0.980962828885102
0.978074025507619
0.975181548998053
0.974771703985443
0.974149739245209
0.972007679091547
0.970710266096152
0.969570204022474
0.967821071387682
0.967821071387682
0.967821071387682
0.967642384923657
0.966850844616867
0.966850844616867
0.966209262541129
0.966209262541129
0.966209262541129
0.966209262541129
0.966209262541129
0.966209262541129
0.966209262541129
0.966148385687457
0.966148385687457
0.966148385687457
0.966148385687457
0.966148385687457
0.966148385687457
0.966148385687457
0.966148385687457
0.966148385687457
0.966148385687457
0.966148385687457
0.966148385687457
0.966148385687457
0.966148385687457
0.966148385687457
0.966148385687457
0.966148385687457
0.966148385687457
0.966148385687457
0.966148385687457
0.966148385687457
0.966148385687457
0.966148385687457
0.966148385687457
0.966148385687457
0.966148385687457
0.966148385687457
0.966148385687457
0.966148385687457
0.966148385687457
0.966148385687457
0.966148385687457
0.966148385687457
0.966148385687457
0.966148385687457
0.966148385687457
0.966148385687457
0.966148385687457
0.966148385687457
0.966148385687457
0.966148385687457
0.966148385687457
0.966148385687457
0.966148385687457
0.966148385687457
0.966148385687457
0.966148385687457
0.966148385687457
0.966148385687457
0.966148385687457
0.966148385687457
0.966148385687457
0.966148385687457
0.966148385687457
0.966148385687457
0.966148385687457
0.966148385687457
0.966148385687457
0.966148385687457
0.966148385687457
0.966148385687457
0.966148385687457
0.966148385687457
0.966148385687457
0.966148385687457
0.966148385687457
0.966148385687457
0.966148385687457
0.966148385687457
0.966148385687457
0.966148385687457
0.966148385687457
0.966148385687457
0.966148385687457
0.966148385687457
0.966148385687457
0.966148385687457
0.966148385687457
0.966148385687457
0.966148385687457
0.966148385687457
0.966148385687457
0.966148385687457
0.966148385687457
0.966148385687457
0.966148385687457
0.966148385687457
0.966148385687457
0.966148385687457
0.966148385687457
0.966148385687457
0.966148385687457
0.966148385687457
0.966148385687457
0.966148385687457
0.966148385687457
0.966148385687457
0.966148385687457
0.966148385687457
0.966148385687457
0.966148385687457
0.966148385687457
0.966148385687457
0.966148385687457
0.966148385687457
0.966148385687457
0.966148385687457
0.966148385687457
0.966148385687457
0.966148385687457
0.966148385687457
0.966148385687457
0.966148385687457
0.966148385687457
0.966148385687457
0.966148385687457
0.966148385687457
0.966148385687457
0.966148385687457
0.966148385687457
0.966148385687457
0.966148385687457
0.966148385687457
0.966148385687457
0.966148385687457
0.966148385687457
0.966148385687457
0.966148385687457
0.966148385687457
0.966148385687457
0.966148385687457
0.966148385687457
0.966148385687457
0.966148385687457
0.966148385687457
0.966148385687457
0.966148385687457
0.966148385687457
0.966148385687457
0.966148385687457
0.966148385687457
0.966148385687457
0.966148385687457
0.966148385687457
0.966148385687457
0.966148385687457
0.966148385687457
0.966148385687457
0.966148385687457
0.966148385687457
0.966148385687457
0.966148385687457
0.966148385687457
0.966148385687457
0.966148385687457
0.966148385687457
0.966148385687457
0.966148385687457
0.966148385687457
0.966148385687457
0.966148385687457
0.966148385687457
0.966148385687457
0.966148385687457
0.966148385687457
