100000
113.636321332058
110.318197674247
109.500441715472
105.606915414199
99.1523735748761
92.1621104659333
83.8016600445665
76.4331862033074
72.8891524420049
71.6719892580411
71.3644292452057
70.8417908008801
69.4796839747635
65.7975930543039
61.4786618853673
56.6459202025225
50.4888537420445
46.5955812581808
43.4757905178905
40.396928959486
38.3000607161125
37.3735324013466
36.7747921114901
36.6590110470985
36.5210293111619
36.5210293111619
36.3806930354256
36.3212427395981
36.1026591290077
35.7174409416038
35.0202461109489
33.3601055285341
31.6127496618682
29.6517734814627
27.5711271279437
25.6659723951624
23.9478130439798
21.8986767618837
20.0687183674036
18.6047526903011
17.0316235045887
15.4402484411948
14.1806839174205
13.0123549741801
11.7074978310096
10.765232209261
9.62527689182536
8.85412480310979
8.00546961706793
7.332574198974
6.63784727526266
6.01632211976811
5.45113409144338
4.91465390302636
4.4455041590106
4.00576586677693
3.63806415329896
3.35903655364793
3.05996771570645
2.72378260139012
2.42318549136603
2.2006057281446
1.97332254750164
1.77068996609453
1.62394887339399
1.49569661598854
1.34303129655444
1.18184159030246
1.08355657392297
0.972644494024702
0.895007238359957
0.795531099860883
0.72480377475052
0.649156901596317
0.58530344481541
0.530582028017489
0.494562992214004
0.438381406854405
0.403237893591086
0.371510244612599
0.343675513898145
0.313088952362976
0.292439003746602
0.26436232713515
0.24791693411874
0.231494506019886
0.217708485612722
0.206168053150499
0.192609115528758
0.185278138319965
0.17699473484063
0.170187967698281
0.163004559028138
0.157782901390842
0.151022186755818
0.144623079774475
0.137797711296808
0.132642510230604
0.129220376032088
0.126216771895455
0.12276257823842
0.120867996783231
0.119107542982469
0.115685680346088
0.112813752888937
0.110348575760729
0.10933651331631
0.107945384320393
0.107012654184976
0.10579996690102
0.10512468081249
0.104433997393962
0.103886293067911
0.10292614890722
0.102160290600989
0.101984534869426
0.101370970663265
0.101139922945922
0.100717015400256
0.100546612846755
0.100518884858144
0.100510831513909
0.100456515745736
0.100352083272557
0.100337477867757
0.100337477867757
0.100293327517244
0.100293327517244
0.100293327517244
0.100293327517244
0.100293327517244
0.100293327517244
0.100293327517244
0.100293327517244
0.100293327517244
0.100293327517244
0.100293327517244
0.100293327517244
0.100293327517244
0.100280994724832
0.100280994724832
0.100280994724832
0.100280994724832
0.100280994724832
0.100280994724832
0.100280994724832
0.100280994724832
0.100280994724832
0.100280994724832
0.100280994724832
0.100280994724832
0.100280994724832
0.100280994724832
0.100280994724832
0.100280994724832
0.100280994724832
0.100280994724832
0.100280994724832
0.100280994724832
0.100280994724832
0.100280994724832
0.100280994724832
0.100280994724832
0.100280994724832
0.100280994724832
0.100280994724832
0.100280994724832
0.100280994724832
0.100280994724832
0.100280994724832
0.100280994724832
0.100280994724832
0.100280994724832
0.100280994724832
0.100280994724832
0.100280994724832
0.100280994724832
0.100280994724832
0.100280994724832
0.100280994724832
0.100280994724832
0.100280994724832
0.100280994724832
0.100280994724832
0.100280994724832
0.100280994724832
0.100280994724832
0.100280994724832
0.100280994724832
0.100280994724832
0.100280994724832
0.100280994724832
0.100280994724832
0.100280994724832
0.100280994724832
0.100280994724832
0.100280994724832
0.100280994724832
0.100280994724832
0.100280994724832
0.100280994724832
0.100280994724832
0.100280994724832
0.100280994724832
0.100280994724832
0.100280994724832
0.100280994724832
0.100280994724832
0.100280994724832
0.100280994724832
0.100280994724832
0.100280994724832
0.100280994724832
0.100280994724832
0.100280994724832
0.100280994724832
0.100280994724832
0.100280994724832
0.100280994724832
0.100280994724832
0.100280994724832
0.100280994724832
0.100280994724832
0.100280994724832
0.100280994724832
0.100280994724832
0.100280994724832
0.100280994724832
0.100280994724832
0.100280994724832
0.100280994724832
0.100280994724832
0.100280994724832
0.100280994724832
0.100280994724832
0.100280994724832
0.100280994724832
0.100280994724832
0.100280994724832
0.100280994724832
0.100280994724832
0.100280994724832
0.100280994724832
0.100280994724832
0.100280994724832
0.100280994724832
0.100280994724832
0.100280994724832
0.100280994724832
0.100280994724832
0.100280994724832
0.100280994724832
0.100280994724832
0.100280994724832
0.100280994724832
0.100280994724832
0.100280994724832
0.100280994724832
0.100280994724832
0.100280994724832
0.100280994724832
0.100280994724832
0.100280994724832
0.100280994724832
0.100280994724832
0.100280994724832
0.100280994724832
0.100280994724832
0.100280994724832
0.100280994724832
0.100280994724832
0.100280994724832
0.100280994724832
0.100280994724832
0.100280994724832
0.100280994724832
0.100280994724832
0.100280994724832
0.100280994724832
0.100280994724832
0.100280994724832
0.100280994724832
0.100280994724832
0.100280994724832
0.100280994724832
0.100280994724832
0.100280994724832
0.100280994724832
0.100280994724832
0.100280994724832
0.100280994724832
0.100280994724832
0.100280994724832
0.100280994724832
0.100280994724832
0.100280994724832
0.100280994724832
0.100280994724832
0.100280994724832
