100000
100000
100000
100000
100000
99900.4946847469
99115.3006548796
99049.7815580722
97165.6641658877
95174.2291986576
92632.9063905512
89730.8650228582
86025.3982062236
81959.4423590181
75169.1183953675
68513.9692673504
58179.0865590629
54950.6454250899
49855.2319254632
47234.5705777352
44406.9128014408
40830.0369636966
37758.6421935165
35095.007414584
32788.0017741036
27704.9941702884
26058.7743583284
23575.003408205
22536.3103792339
21438.1620235873
19585.2532621285
18734.0554301346
15987.9752804259
14165.6647238974
11365.4296230932
10385.1158959568
8908.05150446375
7985.42033173197
7271.13719215542
6844.38336975492
6274.92219946915
5793.53550624451
5134.24603439711
4506.29680648177
4034.36321674679
3657.32813065416
3080.82737390238
2631.07883507348
2516.85790682041
2309.3898959863
2093.9338122555
1848.18483037841
1756.11818553508
1588.77884867499
1565.78020958189
1371.70476092189
1264.35073453656
1060.66945684413
960.65577149907
923.147931251791
824.565193490815
747.978761147646
676.339429954262
619.051023726832
601.464798319229
517.922114811533
504.090550071963
454.319662619905
404.2713968575
380.309389851594
313.462954232769
284.764614041744
253.009594569251
225.094709347218
200.511881431251
180.219650748564
161.280940573407
152.609592232829
136.056442225625
118.546230506886
107.906197543134
98.5443468970426
94.857121082292
84.1165954396405
74.9796069473537
65.1905794090208
58.3819557659232
49.8591107300831
46.9679250701825
40.6293390206896
34.2646719480129
31.5003608408717
30.7542793485983
27.3195596587579
22.4874620625021
20.5676141676933
19.0002347640824
16.7266556784222
15.307468304833
13.9271193301392
12.6757114247754
11.9255730285014
10.319257651718
9.14063326609156
8.09465715867744
7.27119448078536
6.77144982550222
6.40929602950612
5.91163051325945
5.50207255732612
5.02766431805497
4.30991716610184
4.04533515307655
3.80320352153285
3.5056436420664
3.19367609037113
2.71917109301033
2.43576230091642
2.03606017672716
1.85369096726565
1.75042339700278
1.6574775737514
1.43202387966813
1.39202872925602
1.28879263701534
1.23468424039971
1.10741936923336
0.973521372163321
0.915567080757442
0.845482865493823
0.653239322045035
0.530027717419726
0.503474938069618
0.422974530044883
0.372172400697498
0.345096021390965
0.331022145518622
0.317982827904425
0.275718264222566
0.253648859736249
0.206992947543639
0.167070565064788
0.145504059357555
0.137634476521115
0.120234234185335
0.108426692885684
0.10190986768567
0.0908130394616236
0.0857753432697677
0.078445998027791
0.070630882482084
0.061335100373869
0.0545175289753274
0.047977864647787
0.0456355367147383
0.0419102776436903
0.0400682088079691
0.0364942962170382
0.033745967731292
0.0301636913604114
0.0245918162010444
0.0217337164316798
0.0192976185344359
0.0182953749290676
0.0173387585195578
0.0164190628501718
0.0149120202451339
0.013559437787287
0.0122169830477557
0.0108179207508594
0.0102354431380902
0.00885888597761909
0.00802357390208712
0.00753006568357657
0.00655545965618594
0.00605029872038677
0.00563414925696614
0.00533782664350569
0.00462502404585185
0.00412126441401401
0.00377915244727579
0.00348314205127448
0.00311303882932098
0.00282031154167718
0.00242589995003028
0.0021747524810879
0.00193495613348461
0.00172996997450642
0.00153661035262628
0.00144262178115972
0.00122286088031387
0.00115287289521536
0.00104578326907307
0.000934125659141323
0.000784373075415631
0.00069944558217001
0.000658283767759128
0.000611988986710941
0.000529690932049976
0.000464775884137504
0.000451617719936119
0.000427965661519497
0.000399640070714342
0.000376745658156792
0.00031460558410665
0.000286951745199254
0.000236476048925957
0.000216013948616841
0.000199891276589344
0.000161679154190805
0.00014893421901325
0.00013846023082876
0.000125998104558586
0.000108892259643891
0.000100463620959936
9.09825069523777E-05
8.29724312334066E-05
7.18694946862913E-05
6.58597095088345E-05
5.89644994452014E-05
5.48136885392007E-05
5.27461619376827E-05
4.73525430417626E-05
4.34265671308569E-05
4.12366051487205E-05
3.61732846461001E-05
3.40946197864446E-05
2.90746845195823E-05
2.82112723941358E-05
2.48423159025796E-05
2.103833262842E-05
1.96775943321529E-05
1.5916666641828E-05
1.53084581604124E-05
1.44512469250297E-05
1.28232363288469E-05
1.11657812881019E-05
1.00558171743255E-05
9.48030495522289E-06
8.55858653726001E-06
7.55222532230211E-06
6.74030444896773E-06
6.26579527788963E-06
5.39424405242514E-06
5.03420974330396E-06
4.70796838257672E-06
4.26024710171289E-06
3.94125197516844E-06
3.12551765224215E-06
3.0278406136079E-06
2.86018460722832E-06
2.53261742846194E-06
2.37042283601487E-06
2.34235113346229E-06
2.20148418289678E-06
1.86472611491838E-06
1.74308788716674E-06
1.48259022710463E-06
1.25036847355515E-06
1.14654014240308E-06
9.45861431974393E-07
8.90822126823551E-07
7.39652372414289E-07
6.57388747550837E-07
5.73871268816965E-07
5.46375536443717E-07
4.67047027887621E-07
4.22094334984341E-07
3.76333147535896E-07
3.50228200630066E-07
3.1978196164523E-07
2.99522782263121E-07
2.77554490941125E-07
2.70049181438726E-07
2.51546641000371E-07
2.24184373456484E-07
1.95258140923625E-07
1.76193005309942E-07
1.56381898434298E-07
1.48181170870722E-07
1.30118749879567E-07
1.18502025101572E-07
1.0223038889558E-07
8.84055664328098E-08
8.69011694464322E-08
7.88555588199367E-08
6.64815882560953E-08
5.79383442419287E-08
5.25967914253332E-08
4.70528808039266E-08
4.43362380402343E-08
4.29318721612553E-08
3.99803671076508E-08
3.35211798041368E-08
2.80705857909242E-08
2.50876982147464E-08
2.29569961949164E-08
2.08305030017832E-08
1.76456031101853E-08
1.60623359818293E-08
