100000
100000
100000
100000
100000
100000
100000
100000
100000
100000
100000
100000
100000
100000
100000
100000
100000
100000
100000
100000
100000
100000
100000
100000
100000
100000
100000
100000
100000
100000
100000
100000
100000
99417.5445395544
97190.5973138358
90768.4237087348
73306.9597161807
34863.0616493065
15519.6343674676
5763.24633817476
1441.9606282913
405.186462178431
89.5964007689722
38.61228616912
29.9229912733658
23.9544770976353
20.853329369391
18.8474156460785
16.5507112389504
15.1781490276125
13.9354868125804
12.28668350353
11.014244262827
10.2762935096515
9.03988672951156
8.26838877698219
7.60187439420551
7.02923364077286
6.35250817970914
5.85155779202808
5.27833228544844
5.02730663460837
4.64950171153143
4.23329574772497
3.72691665634006
3.41815492702213
3.08792253615393
2.83472293034893
2.66075670227406
2.45588175631725
2.26880935501618
2.08972871812398
1.84722489861433
1.65070998601793
1.4849719211196
1.36765100721123
1.26161394857503
1.16699200138155
1.06815075038685
0.965798537496608
0.891975656099813
0.828864911786145
0.79561696241658
0.735094303607748
0.675157434031307
0.658725176019403
0.623980549788066
0.60567847131359
0.585861599879635
0.574223125058011
0.568516174659624
0.56639346744712
0.564187820490331
0.561737453939015
0.561092379438523
0.560240018407422
0.559582197116896
0.558546793828951
0.558546793828951
0.558546793828951
0.558546793828951
0.558546793828951
0.558546793828951
0.558546793828951
0.558546793828951
0.558546793828951
0.558546793828951
0.558546793828951
0.558546793828951
0.558546793828951
0.558546793828951
0.558546793828951
0.558546793828951
0.558546793828951
0.558546793828951
0.558546793828951
0.558546793828951
0.558546793828951
0.558546793828951
0.558546793828951
0.558546793828951
0.558546793828951
0.558546793828951
0.558546793828951
0.558546793828951
0.558546793828951
0.558546793828951
0.558546793828951
0.558546793828951
0.558546793828951
0.558546793828951
0.558546793828951
0.558546793828951
0.558546793828951
0.558546793828951
0.558546793828951
0.558546793828951
0.558546793828951
0.558546793828951
0.558546793828951
0.558546793828951
0.558546793828951
0.558546793828951
0.558546793828951
0.558546793828951
0.558546793828951
0.558546793828951
0.558546793828951
0.558546793828951
0.558546793828951
0.558546793828951
0.558546793828951
0.558546793828951
0.558546793828951
0.558546793828951
0.558546793828951
0.558546793828951
0.558546793828951
0.558546793828951
0.558546793828951
0.558546793828951
0.558546793828951
0.558546793828951
0.558546793828951
0.558546793828951
0.558546793828951
0.558546793828951
0.558546793828951
0.558546793828951
0.558546793828951
0.558546793828951
0.558546793828951
0.558546793828951
0.558546793828951
0.558546793828951
0.558546793828951
0.558546793828951
0.558546793828951
0.558546793828951
0.558546793828951
0.558546793828951
0.558546793828951
0.558546793828951
0.558546793828951
0.558546793828951
0.558546793828951
0.558546793828951
0.558546793828951
0.558546793828951
0.558546793828951
0.558546793828951
0.558546793828951
0.558546793828951
0.558546793828951
0.558546793828951
0.558546793828951
0.558546793828951
0.558546793828951
0.558546793828951
0.558546793828951
0.558546793828951
0.558546793828951
0.558546793828951
0.558546793828951
0.558546793828951
0.558546793828951
0.558546793828951
0.558546793828951
0.558546793828951
0.558546793828951
0.558546793828951
0.558546793828951
0.558546793828951
0.558546793828951
0.558546793828951
0.558546793828951
0.558546793828951
0.558546793828951
0.558546793828951
0.558546793828951
0.558546793828951
0.558546793828951
0.558546793828951
0.558546793828951
0.558546793828951
0.558546793828951
0.558546793828951
0.558546793828951
0.558546793828951
0.558546793828951
0.558546793828951
0.558546793828951
0.558546793828951
0.558546793828951
0.558546793828951
0.558546793828951
0.558546793828951
0.558546793828951
0.558546793828951
0.558546793828951
0.558546793828951
0.558546793828951
0.558546793828951
0.558546793828951
0.558546793828951
0.558546793828951
0.558546793828951
0.558546793828951
0.558546793828951
0.558546793828951
0.558546793828951
0.558546793828951
0.558546793828951
0.558546793828951
0.558546793828951
0.558546793828951
0.558546793828951
0.558546793828951
0.558546793828951
0.558546793828951
0.558546793828951
0.558546793828951
0.558546793828951
0.558546793828951
0.558546793828951
0.558546793828951
0.558546793828951
0.558546793828951
0.558546793828951
0.558546793828951
0.558546793828951
0.558546793828951
0.558546793828951
0.558546793828951
0.558546793828951
0.558546793828951
0.558546793828951
0.558546793828951
0.558546793828951
0.558546793828951
0.558546793828951
0.558546793828951
0.558546793828951
0.558546793828951
0.558546793828951
0.558546793828951
0.558546793828951
0.558546793828951
0.558546793828951
0.558546793828951
0.558546793828951
0.558546793828951
0.558546793828951
0.558546793828951
0.558546793828951
0.558546793828951
0.558546793828951
0.558546793828951
0.558546793828951
0.558546793828951
