100000
61.7621264493101
58.5520961368375
57.9133370055351
55.5541478236757
52.3736698492081
49.0676785186217
44.8043404519176
42.0365756306819
39.5428006052237
38.3519861798695
38.1598006600314
37.7183490498917
36.836764581111
34.8968595286681
32.5605860604012
30.1557740007611
27.7473893351406
25.928042981932
23.8299102389973
21.8677023522189
20.4716513308468
20.0391890064707
19.8099857027918
19.7285824392901
19.6476410800428
19.6476410800428
19.5766043165821
19.5427250374404
19.3022852471489
19.1411644660496
18.5847607285313
17.7287725232153
16.7724908077282
15.8673603066508
14.7541208894448
13.3427854637462
12.455598184064
11.5304719677266
10.7243024910169
9.88910280434603
9.14043049402977
8.37059475142599
7.55871689180326
6.83931032705547
6.12469457295617
5.69041139900366
5.13659578967994
4.60637957261513
4.2625462069409
3.85336659997251
3.49425943281528
3.18148781196426
2.87186322986538
2.60153486777077
2.34904273141687
2.11048807434356
1.93307723936252
1.79117447020755
1.60155098115193
1.43845625409247
1.29856459701108
1.15662496875602
1.02348172952795
0.939599396220423
0.85246319816718
0.783619557953736
0.699884324294552
0.616257983713399
0.559044576715491
0.508302314813038
0.453572052465966
0.41681205905586
0.376145035825387
0.335186660327723
0.309125337549323
0.278742532804026
0.247268210269734
0.217995787634026
0.197941693833115
0.183326603455718
0.165926275557071
0.152374177902549
0.144195573937374
0.138184874364765
0.129389689445245
0.118466247564226
0.114445185439125
0.104609259828653
0.0999057267290385
0.0931416959700827
0.0895261152244374
0.0860958755223871
0.0822903639979496
0.0797089143742895
0.078073322437156
0.0753735028561323
0.0727793387618483
0.0702757718649728
0.0682508938297373
0.0664722881765735
0.0649167154941234
0.063657785332229
0.0622573594088161
0.0609587371827015
0.0593557959586365
0.0585001429462766
0.0576006196412991
0.0570959033823471
0.0566835921906679
0.0559287700751469
0.0555604482284926
0.0552013025410464
0.0549487573301513
0.0547854894073051
0.0545325935835354
0.0545235149469451
0.0542261608689382
0.0541819855631172
0.0538505043773766
0.053817583111999
0.053817583111999
0.0537718598458946
0.0536465102277386
0.0536465102277386
0.0536465102277386
0.0536379049226446
0.0536379049226446
0.0536379049226446
0.0536379049226446
0.0536189035101171
0.0536189035101171
0.0536189035101171
0.0536189035101171
0.0536189035101171
0.0536189035101171
0.0536189035101171
0.0536189035101171
0.0536189035101171
0.0536189035101171
0.0536189035101171
0.0536189035101171
0.0536189035101171
0.0536189035101171
0.0536189035101171
0.0536189035101171
0.0536189035101171
0.0536189035101171
0.0536189035101171
0.0536189035101171
0.0536189035101171
0.0536189035101171
0.0536189035101171
0.0536189035101171
0.0536189035101171
0.0536189035101171
0.0536189035101171
0.0536189035101171
0.0536189035101171
0.0536189035101171
0.0536189035101171
0.0536189035101171
0.0536189035101171
0.0536189035101171
0.0536189035101171
0.0536189035101171
0.0536189035101171
0.0536189035101171
0.0536189035101171
0.0536189035101171
0.0536189035101171
0.0536189035101171
0.0536189035101171
0.0536189035101171
0.0536189035101171
0.0536189035101171
0.0536189035101171
0.0536189035101171
0.0536189035101171
0.0536189035101171
0.0536189035101171
0.0536189035101171
0.0536189035101171
0.0536189035101171
0.0536189035101171
0.0536189035101171
0.0536189035101171
0.0536189035101171
0.0536189035101171
0.0536189035101171
0.0536189035101171
0.0536189035101171
0.0536189035101171
0.0536189035101171
0.0536189035101171
0.0536189035101171
0.0536189035101171
0.0536189035101171
0.0536189035101171
0.0536189035101171
0.0536189035101171
0.0536189035101171
0.0536189035101171
0.0536189035101171
0.0536189035101171
0.0536189035101171
0.0536189035101171
0.0536189035101171
0.0536189035101171
0.0536189035101171
0.0536189035101171
0.0536189035101171
0.0536189035101171
0.0536189035101171
0.0536189035101171
0.0536189035101171
0.0536189035101171
0.0536189035101171
0.0536189035101171
0.0536189035101171
0.0536189035101171
0.0536189035101171
0.0536189035101171
0.0536189035101171
0.0536189035101171
0.0536189035101171
0.0536189035101171
0.0536189035101171
0.0536189035101171
0.0536189035101171
0.0536189035101171
0.0536189035101171
0.0536189035101171
0.0536189035101171
0.0536189035101171
0.0536189035101171
0.0536189035101171
0.0536189035101171
0.0536189035101171
0.0536189035101171
0.0536189035101171
0.0536189035101171
0.0536189035101171
0.0536189035101171
0.0536189035101171
0.0536189035101171
0.0536189035101171
0.0536189035101171
0.0536189035101171
0.0536189035101171
0.0536189035101171
0.0536189035101171
0.0536189035101171
0.0536189035101171
0.0536189035101171
0.0536189035101171
0.0536189035101171
0.0536189035101171
0.0536189035101171
0.0536189035101171
0.0536189035101171
0.0536189035101171
0.0536189035101171
0.0536189035101171
0.0536189035101171
0.0536189035101171
0.0536189035101171
0.0536189035101171
0.0536189035101171
0.0536189035101171
0.0536189035101171
0.0536189035101171
0.0536189035101171
0.0536189035101171
0.0536189035101171
0.0536189035101171
0.0536189035101171
0.0536189035101171
0.0536189035101171
0.0536189035101171
0.0536189035101171
0.0536189035101171
0.0536189035101171
0.0536189035101171
0.0536189035101171
0.0536189035101171
0.0536189035101171
0.0536189035101171
0.0536189035101171
0.0536189035101171
0.0536189035101171
0.0536189035101171
0.0536189035101171
0.0536189035101171
0.0536189035101171
0.0536189035101171
0.0536189035101171
0.0536189035101171
0.0536189035101171
0.0536189035101171
