100000
0.959066774783346
0.448143601494376
0.263276180870901
0.16640402245904
0.116589497902472
0.0745643522564087
0.0512183382521249
0.0364474752144488
0.0261681806566005
0.0201558100075655
0.0168908338081035
0.0121817296267854
0.0088336685276295
0.00709329771203732
0.00526042976463178
0.00418365262496479
0.00371826183826991
0.00291221742374725
0.00229129452842542
0.0018669573476378
0.00160492489473504
0.00126514552426769
0.000992292160565495
0.000803088220153049
0.0006140642530031
0.000467986912693636
0.000403851245039199
0.000344092407595248
0.000311675193820303
0.000260375171230171
0.000203453388791167
0.000172674948108763
0.000129699982047425
0.000107906029277082
8.58369677341781E-05
7.26153941394773E-05
6.5065737114411E-05
5.97078218629467E-05
5.11185742039826E-05
4.56996478741994E-05
3.81713353676843E-05
3.33400542015962E-05
2.65095647394689E-05
2.25545772977786E-05
2.06694947510604E-05
1.65743636218675E-05
1.27237574788752E-05
1.11148356310612E-05
1.01428449791286E-05
8.91012858465691E-06
7.5941209430665E-06
6.76819701022913E-06
5.66392799096584E-06
4.73772441717323E-06
4.02796691164657E-06
3.41110107347679E-06
3.02015859975347E-06
2.40005764967877E-06
2.04018658594891E-06
1.69735444450738E-06
1.35738768680498E-06
1.13213332488894E-06
1.10127634777469E-06
9.23357962115963E-07
7.58156055657835E-07
5.72306334545591E-07
4.9442290027933E-07
4.16283979978102E-07
3.82434405609264E-07
3.57749006488817E-07
3.24528830942392E-07
2.87602285842024E-07
2.40553788854371E-07
1.96799690106403E-07
1.75531332002686E-07
1.4039358092861E-07
1.32620554871457E-07
1.18194252443004E-07
9.29409350748856E-08
8.29007677895413E-08
7.09865832531233E-08
5.64121012385012E-08
5.25217148613048E-08
5.03979074659807E-08
4.1504114525618E-08
3.94994731980638E-08
3.058244440259E-08
2.56639397075892E-08
2.3314751792283E-08
2.13437681796619E-08
2.00882326267199E-08
1.66830154407797E-08
1.40253514275632E-08
1.20659750897229E-08
1.18046552261572E-08
1.07897839969048E-08
9.37573952036732E-09
8.87381036887211E-09
7.3729941339016E-09
6.79008547669604E-09
5.34380959303049E-09
4.92119903899274E-09
4.62529949396425E-09
3.94048849737024E-09
3.44124291150073E-09
3.1626587135529E-09
2.63614581753921E-09
2.61384199981556E-09
2.39977321682851E-09
2.31981338261615E-09
2.13901561918891E-09
2.10935745170432E-09
2.06887791638333E-09
2.06887791638333E-09
2.03393479508442E-09
1.98529292572487E-09
1.96716338049334E-09
1.95417984063296E-09
1.94748116281195E-09
1.94748116281195E-09
1.90452842637791E-09
1.89715040128059E-09
1.89715040128059E-09
1.89715040128059E-09
1.89398580639412E-09
1.88043506454838E-09
1.87907286745088E-09
1.87907286745088E-09
1.87907286745088E-09
1.87907286745088E-09
1.87907286745088E-09
1.87907286745088E-09
1.87907286745088E-09
1.87907286745088E-09
1.87907286745088E-09
1.87907286745088E-09
1.87907286745088E-09
1.87785654781504E-09
1.87685980625088E-09
1.87685980625088E-09
1.87685980625088E-09
1.87685980625088E-09
1.87685980625088E-09
1.87685980625088E-09
1.87685980625088E-09
1.87685980625088E-09
1.87685980625088E-09
1.87685980625088E-09
1.87685980625088E-09
1.87685980625088E-09
1.87596493877035E-09
1.87596493877035E-09
1.87596493877035E-09
1.87596493877035E-09
1.87596493877035E-09
1.87596493877035E-09
1.87596493877035E-09
1.87596493877035E-09
1.87596493877035E-09
1.87596493877035E-09
1.87596493877035E-09
1.87596493877035E-09
1.87596493877035E-09
1.87596493877035E-09
1.87596493877035E-09
1.87596493877035E-09
1.8758282398114E-09
1.8758282398114E-09
1.8758282398114E-09
1.8758282398114E-09
1.8758282398114E-09
1.8758282398114E-09
1.8758282398114E-09
1.8758282398114E-09
1.8758282398114E-09
1.8758282398114E-09
1.8758282398114E-09
1.8758282398114E-09
1.8758282398114E-09
1.8758282398114E-09
1.8758282398114E-09
1.8758282398114E-09
1.8758282398114E-09
1.8758282398114E-09
1.8758282398114E-09
1.8758282398114E-09
1.8758282398114E-09
1.8758282398114E-09
1.8758282398114E-09
1.8758282398114E-09
1.8758282398114E-09
1.8758282398114E-09
1.8758282398114E-09
1.8758282398114E-09
1.8758282398114E-09
1.8758282398114E-09
1.8758282398114E-09
1.8758282398114E-09
1.8758282398114E-09
1.8758282398114E-09
1.8758282398114E-09
1.8758282398114E-09
1.8758282398114E-09
1.8758282398114E-09
1.8758282398114E-09
1.8758282398114E-09
1.8758282398114E-09
1.8758282398114E-09
1.8758282398114E-09
1.8758282398114E-09
1.8758282398114E-09
1.8758282398114E-09
1.8758282398114E-09
1.8758282398114E-09
1.8758282398114E-09
1.8758282398114E-09
1.8758282398114E-09
1.8758282398114E-09
1.8758282398114E-09
1.8758282398114E-09
1.8758282398114E-09
1.8758282398114E-09
1.8758282398114E-09
1.8758282398114E-09
1.8758282398114E-09
1.8758282398114E-09
1.8758282398114E-09
1.8758282398114E-09
1.8758282398114E-09
1.8758282398114E-09
1.8758282398114E-09
1.8758282398114E-09
1.8758282398114E-09
1.8758282398114E-09
1.8758282398114E-09
1.8758282398114E-09
1.8758282398114E-09
1.8758282398114E-09
1.8758282398114E-09
1.8758282398114E-09
1.8758282398114E-09
1.8758282398114E-09
1.8758282398114E-09
1.8758282398114E-09
1.8758282398114E-09
1.8758282398114E-09
1.8758282398114E-09
1.8758282398114E-09
1.8758282398114E-09
1.8758282398114E-09
1.8758282398114E-09
1.8758282398114E-09
1.8758282398114E-09
1.8758282398114E-09
1.8758282398114E-09
1.8758282398114E-09
1.8758282398114E-09
1.8758282398114E-09
1.8758282398114E-09
1.8758282398114E-09
1.8758282398114E-09
1.8758282398114E-09
1.8758282398114E-09
1.8758282398114E-09
1.8758282398114E-09
1.8758282398114E-09
1.8758282398114E-09
1.8758282398114E-09
1.8758282398114E-09
1.8758282398114E-09
1.8758282398114E-09
1.8758282398114E-09
1.8758282398114E-09
1.8758282398114E-09
1.8758282398114E-09
1.8758282398114E-09
1.8758282398114E-09
1.8758282398114E-09
1.8758282398114E-09
1.8758282398114E-09
1.8758282398114E-09
1.8758282398114E-09
1.8758282398114E-09
1.8758282398114E-09
1.8758282398114E-09
1.8758282398114E-09
1.8758282398114E-09
1.8758282398114E-09
1.8758282398114E-09
1.8758282398114E-09
1.8758282398114E-09
1.8758282398114E-09
1.8758282398114E-09
1.8758282398114E-09
1.8758282398114E-09
1.8758282398114E-09
1.8758282398114E-09
1.8758282398114E-09
1.8758282398114E-09
