100000
100000
100000
100000
100000
100000
100000
100000
100000
100000
100000
100000
100000
100000
100000
100000
100000
100000
100000
100000
100000
100000
100000
100000
100000
100000
100000
100000
100000
100000
100000
100000
100000
99539.1945727257
99518.554893735
99518.554893735
99443.1855407295
98933.3431453728
97741.3154778054
90190.4716206166
79363.6321266156
65291.2555408507
53775.9804382892
44589.7590015354
35905.0511172546
29316.8728650319
24726.9781222732
21363.6971294857
17351.2733102456
14092.3846894648
11340.8116209009
9825.26751740835
8388.82457228353
6981.79057116145
5864.30013265541
4926.46081229648
4265.95816527395
3613.43196811092
2991.97033417311
2545.0624829009
2166.31797808188
1865.72272000584
1564.51665903804
1356.76797915969
1221.89532315099
1055.05586471086
940.124244971039
805.432656666863
711.574339247453
639.012240245699
556.06164783328
501.468486869561
439.528537963011
397.450377214612
360.864701817959
320.86419011551
293.543888976849
264.792465080194
237.128506952637
215.318394172158
195.813127167241
182.701020525653
169.815814681844
156.456986639279
140.017787648209
128.190143491995
118.473253684325
111.022831777141
102.329675150403
95.3386214520422
88.5686757557038
84.0614552478582
76.7890888038837
73.1688451064206
68.2922418459932
64.541364907029
61.0936014483878
57.1295724855503
54.570993227444
52.2800235248542
49.8796252516963
48.2053954690233
46.0434348723255
44.2965328946973
42.9455590116804
41.4799064192343
40.1454785709675
39.1328855885987
37.824594985991
36.8694850810865
36.0690564939847
35.4056616611191
34.8525004521313
34.3012183887545
33.7037912196689
33.3388150540318
32.8568394131993
32.5325733624581
32.1504794023354
31.7410512533814
31.4939616773587
31.2057841560875
30.9174852586123
30.735100772592
30.5731476652112
30.3823607570632
30.1940110371655
30.1139273777943
29.9760805172325
29.8222735477835
29.7211985563865
29.6531227078552
29.5976452072452
29.5140404204053
29.4431114090804
29.3666243864105
29.325106114759
29.2762859085556
29.2381641243098
29.1954503798426
29.1580532681003
29.1110561119594
29.0892917572256
29.0740596612867
29.0454372357361
29.0321403166611
29.0145292785906
28.9989038154111
28.985618614086
28.977528851709
28.9648662683872
28.9606398431456
28.9487064777692
28.9435151122364
28.9376089144482
28.9329642961767
28.9280595909745
28.9249472002169
28.9217607568095
28.9177240388075
28.9152660017465
28.9122650126742
28.9107829885705
28.9106574584508
28.9099438513205
28.9096361851463
28.9088479141381
28.9088479141381
28.9085336649918
28.9084010285319
28.9084010285319
28.9084010285319
28.9084010285319
28.9084010285319
28.9084010285319
28.9084010285319
28.9084010285319
28.9084010285319
28.9084010285319
28.9084010285319
28.9084010285319
28.9084010285319
28.9084010285319
28.9084010285319
28.9084010285319
28.9084010285319
28.9084010285319
28.9084010285319
28.9084010285319
28.9084010285319
28.9084010285319
28.9084010285319
28.9084010285319
28.9084010285319
28.9084010285319
28.9084010285319
28.9084010285319
28.9084010285319
28.9084010285319
28.9084010285319
28.9084010285319
28.9084010285319
28.9084010285319
28.9084010285319
28.9084010285319
28.9084010285319
28.9084010285319
28.9084010285319
28.9084010285319
28.9084010285319
28.9084010285319
28.9084010285319
28.9084010285319
28.9084010285319
28.9084010285319
28.9084010285319
28.9084010285319
28.9084010285319
28.9084010285319
28.9084010285319
28.9084010285319
28.9084010285319
28.9084010285319
28.9084010285319
28.9084010285319
28.9084010285319
28.9084010285319
28.9084010285319
28.9084010285319
28.9084010285319
28.9084010285319
28.9084010285319
28.9084010285319
28.9084010285319
28.9084010285319
28.9084010285319
28.9084010285319
28.9084010285319
28.9084010285319
28.9084010285319
28.9084010285319
28.9084010285319
28.9084010285319
28.9084010285319
28.9084010285319
28.9084010285319
28.9084010285319
28.9084010285319
28.9084010285319
28.9084010285319
28.9084010285319
28.9084010285319
28.9084010285319
28.9084010285319
28.9084010285319
28.9084010285319
28.9084010285319
28.9084010285319
28.9084010285319
28.9084010285319
28.9084010285319
28.9084010285319
28.9084010285319
28.9084010285319
28.9084010285319
28.9084010285319
28.9084010285319
28.9084010285319
28.9084010285319
28.9084010285319
28.9084010285319
28.9084010285319
28.9084010285319
28.9084010285319
28.9084010285319
28.9084010285319
28.9084010285319
28.9084010285319
28.9084010285319
28.9084010285319
28.9084010285319
28.9084010285319
28.9084010285319
28.9084010285319
28.9084010285319
28.9084010285319
28.9084010285319
28.9084010285319
28.9084010285319
28.9084010285319
28.9084010285319
28.9084010285319
28.9084010285319
28.9084010285319
28.9084010285319
28.9084010285319
28.9084010285319
28.9084010285319
28.9084010285319
28.9084010285319
