100000
380.257611970702
306.38751190073
253.915877885558
207.683476206328
167.782123214136
136.533855096131
111.050760543891
88.3472839111682
71.5762650408237
58.4548668267693
48.6781872879925
39.4645516532796
31.6326033301839
26.274092914272
20.9903376996516
16.9268301033056
13.7226204010693
11.3396179712985
9.46065455384066
7.5996631890975
6.26719293721816
4.95535987831293
4.04079874514719
3.38556605957325
2.80084487485475
2.21351945595385
1.7353260810021
1.430296063953
1.16315685631616
0.982921555793538
0.79939187927697
0.642003422990411
0.52963995413149
0.42076968636933
0.340748014705147
0.282994349881094
0.230778758370928
0.191337857813516
0.150816132299483
0.123503218873657
0.10302940750646
0.0799818514507416
0.0685158287948648
0.0561485698967687
0.0468519794668831
0.0369243923745846
0.029547018861908
0.0245845941203993
0.0198660163121743
0.0156144679661807
0.0126495595228163
0.0107945297765937
0.00859193780943363
0.00703411347765213
0.00578130334187226
0.00471932732805677
0.00385610274131312
0.0031925473726288
0.00259018442861354
0.00209911051169243
0.00173925161875027
0.00136628273979764
0.00113988017708981
0.000912020963096703
0.000780763111828258
0.000621178271483059
0.000523165358780138
0.000428859655105218
0.000327361956663288
0.000274030587296139
0.000229201616706351
0.000187107934921697
0.000149273731467972
0.000123720026160103
0.000102155792814489
8.39063620546673E-05
6.67705967602006E-05
5.75702615451541E-05
4.62853154786059E-05
3.83897097750567E-05
3.20446626829731E-05
2.58914496582801E-05
2.15280019260925E-05
1.80178940145041E-05
1.53613087793276E-05
1.25796304978491E-05
1.04681609376643E-05
9.16147139198055E-06
7.4011484961908E-06
6.35559838044231E-06
5.15664102670817E-06
4.3858367138476E-06
3.84680009069117E-06
3.20457203759491E-06
2.75991921574954E-06
2.40088900161316E-06
2.06157289752926E-06
1.85744105389629E-06
1.64883694180986E-06
1.44207181281285E-06
1.30711791217994E-06
1.11224499092639E-06
1.01798878390791E-06
9.06958992406448E-07
7.98274462630311E-07
7.49990627743232E-07
6.99557931259824E-07
6.29450791700982E-07
5.80155096637692E-07
5.41658715054106E-07
5.07111934549487E-07
4.92871112676571E-07
4.57734470638256E-07
4.34534519117489E-07
4.15177517340891E-07
3.92246376227303E-07
3.81075440961718E-07
3.69681161778699E-07
3.5399298105047E-07
3.41297458654766E-07
3.26357061537562E-07
3.18295373544744E-07
3.09049577420875E-07
3.02194064938057E-07
2.9746851019863E-07
2.94453166438766E-07
2.88087734150441E-07
2.86712467454822E-07
2.85326729451731E-07
2.84242065379057E-07
2.84242065379057E-07
2.8360627717566E-07
2.83570378088292E-07
2.82905848677663E-07
2.82705317664021E-07
2.82705317664021E-07
2.82496947853229E-07
2.82496947853229E-07
2.82496947853229E-07
2.82496947853229E-07
2.82496947853229E-07
2.82471556302496E-07
2.82471556302496E-07
2.82471556302496E-07
2.82471556302496E-07
2.82471556302496E-07
2.82471556302496E-07
2.82471556302496E-07
2.82471556302496E-07
2.82471556302496E-07
2.82471556302496E-07
2.82471556302496E-07
2.82471556302496E-07
2.82471556302496E-07
2.82471556302496E-07
2.82471556302496E-07
2.82471556302496E-07
2.82471556302496E-07
2.82471556302496E-07
2.82471556302496E-07
2.82471556302496E-07
2.82471556302496E-07
2.82471556302496E-07
2.82471556302496E-07
2.82471556302496E-07
2.82471556302496E-07
2.82471556302496E-07
2.82471556302496E-07
2.82471556302496E-07
2.82471556302496E-07
2.82471556302496E-07
2.82471556302496E-07
2.82471556302496E-07
2.82471556302496E-07
2.82471556302496E-07
2.82471556302496E-07
2.82471556302496E-07
2.82471556302496E-07
2.82471556302496E-07
2.82471556302496E-07
2.82471556302496E-07
2.82471556302496E-07
2.82471556302496E-07
2.82471556302496E-07
2.82471556302496E-07
2.82471556302496E-07
2.82471556302496E-07
2.82471556302496E-07
2.82471556302496E-07
2.82471556302496E-07
2.82471556302496E-07
2.82471556302496E-07
2.82471556302496E-07
2.82471556302496E-07
2.82471556302496E-07
2.82471556302496E-07
2.82471556302496E-07
2.82471556302496E-07
2.82471556302496E-07
2.82471556302496E-07
2.82471556302496E-07
2.82471556302496E-07
2.82471556302496E-07
2.82471556302496E-07
2.82471556302496E-07
2.82471556302496E-07
2.82471556302496E-07
2.82471556302496E-07
2.82471556302496E-07
2.82471556302496E-07
2.82471556302496E-07
2.82471556302496E-07
2.82471556302496E-07
2.82471556302496E-07
2.82471556302496E-07
2.82471556302496E-07
2.82471556302496E-07
2.82471556302496E-07
2.82471556302496E-07
2.82471556302496E-07
2.82471556302496E-07
2.82471556302496E-07
2.82471556302496E-07
2.82471556302496E-07
2.82471556302496E-07
2.82471556302496E-07
2.82471556302496E-07
2.82471556302496E-07
2.82471556302496E-07
2.82471556302496E-07
2.82471556302496E-07
2.82471556302496E-07
2.82471556302496E-07
2.82471556302496E-07
2.82471556302496E-07
2.82471556302496E-07
2.82471556302496E-07
2.82471556302496E-07
2.82471556302496E-07
2.82471556302496E-07
2.82471556302496E-07
2.82471556302496E-07
2.82471556302496E-07
2.82471556302496E-07
2.82471556302496E-07
2.82471556302496E-07
2.82471556302496E-07
2.82471556302496E-07
2.82471556302496E-07
2.82471556302496E-07
2.82471556302496E-07
2.82471556302496E-07
2.82471556302496E-07
2.82471556302496E-07
2.82471556302496E-07
2.82471556302496E-07
2.82471556302496E-07
2.82471556302496E-07
2.82471556302496E-07
2.82471556302496E-07
2.82471556302496E-07
2.82471556302496E-07
2.82471556302496E-07
2.82471556302496E-07
2.82471556302496E-07
2.82471556302496E-07
2.82471556302496E-07
2.82471556302496E-07
2.82471556302496E-07
2.82471556302496E-07
2.82471556302496E-07
2.82471556302496E-07
2.82471556302496E-07
2.82471556302496E-07
2.82471556302496E-07
2.82471556302496E-07
2.82471556302496E-07
2.82471556302496E-07
2.82471556302496E-07
2.82471556302496E-07
2.82471556302496E-07
2.82471556302496E-07
2.82471556302496E-07
2.82471556302496E-07
2.82471556302496E-07
2.82471556302496E-07
2.82471556302496E-07
2.82471556302496E-07
2.82471556302496E-07
2.82471556302496E-07
2.82471556302496E-07
2.82471556302496E-07
2.82471556302496E-07
2.82471556302496E-07
2.82471556302496E-07
2.82471556302496E-07
2.82471556302496E-07
2.82471556302496E-07
2.82471556302496E-07
