100000
99561.1823178537
98404.3763396099
96539.9844591193
95002.5951009334
93638.2649239894
89927.3654324366
86913.5617790295
80509.6603241744
73785.9341590153
69984.3069494179
65989.026446661
63513.5777043076
61183.7551918414
60153.8868820546
53626.8212910182
47384.7238520356
41342.055999008
37831.8346657104
35944.987628773
30632.3899443766
27079.0090647456
24056.2413823666
22524.3760165666
21558.1614028622
20382.0284224941
17234.6471660916
15717.986431163
14024.3257115724
13417.7616897549
11924.8116725035
11454.278301634
9686.62281013758
8419.99919107333
7787.08175472611
6868.7891703594
6656.02382086899
5672.04581645737
5250.6247215987
4372.10272205638
4003.7658990723
3636.59001364636
3243.85374646741
3065.15432856187
2754.77498845481
2542.29880897694
2339.00146600635
1991.34494441471
1644.53125292153
1506.84649814921
1472.11496943457
1392.87010295248
1264.17148519312
1131.5877697022
1051.71301377554
956.439476288398
888.666931641425
743.859775622336
569.939685290128
519.592625508007
455.110229875303
400.047841226588
387.960042618859
356.608937909959
330.646267211286
300.410878097837
268.153922185062
241.238557028802
227.269473538524
195.495665689311
181.752031303629
180.801098059675
159.670369659934
148.36940068478
142.816253714738
135.161136418966
124.146923239096
115.768384728974
98.6476054119429
86.5465525865097
67.2311098762033
62.6736903826707
59.1480365785831
55.5984246516459
53.430305837492
48.1132487279106
41.9732236407179
36.9366161943376
33.0326514247033
30.8190041624227
27.1112829044803
24.7595833832256
21.7584263677944
19.2435699242123
17.684197625913
16.94215665467
16.3947276908234
15.671820514647
14.8719301517951
13.9341881857207
12.425931518008
10.2597766212263
9.72002845114124
8.76017688556571
7.17691512814676
6.53776491276064
6.31365415511257
6.12724882119916
5.70678676507923
5.43154832066811
5.12330358913792
4.89595452624643
4.44263699531176
4.23650596513771
4.01956527830721
3.60064770915745
3.29131639848537
3.19511884902366
3.15372678964724
3.11381562738315
3.04277502713627
2.95106734170724
2.87077441708487
2.80962393652553
2.75798189555415
2.70967158943308
2.67009884481166
2.63878320613835
2.61818555373906
2.60956383458958
2.57396903587467
2.55724914987818
2.52681892979531
2.5117842278718
2.46851705055189
2.45851563707312
2.44685620608569
2.4409608652849
2.4354424502662
2.42713300476328
2.42713300476328
2.4208394438319
2.40931831432673
2.40743878563875
2.40073202452086
2.39057331351935
2.39020304794134
2.38785340444841
2.38311671255279
2.38226655445153
2.37695685306171
2.37502604896145
2.37303155365275
2.37247580033316
2.37234465240712
2.37164181799385
2.3693287102913
2.3693287102913
2.36860943645719
2.36860943645719
2.36860943645719
2.36860943645719
2.36860943645719
2.36834588161609
2.36834588161609
2.36825878546107
2.36825878546107
2.36825878546107
2.36825878546107
2.36819133726014
2.36819133726014
2.36819133726014
2.36819133726014
2.36819133726014
2.36812886853347
2.36812886853347
2.36812886853347
2.36809473535864
2.36809473535864
2.36795191734458
2.36795191734458
2.36790503139323
2.36789462983029
2.36788205208971
2.36788205208971
2.36788205208971
2.36787887766498
2.36787887766498
2.36787433226529
2.36787361268372
2.36787361268372
2.36784260661568
2.36782738086957
2.36779603378996
2.3677448788557
2.36773699027834
2.36773344055657
2.36772767853133
2.36772767853133
2.36772251514815
2.36772251514815
2.36772251514815
2.36772251514815
2.36772138397676
2.36772064860085
2.36772064860085
2.36772002421413
2.36772002421413
2.36772002421413
2.36771697141324
2.36771562090462
2.36771562090462
2.36771456700913
2.36771400020322
2.36771400020322
2.36771354398747
2.36771354398747
2.36771354398747
2.36771232706525
2.36771082705822
2.36771082705822
2.36771082705822
2.36770985694856
2.36770962693043
2.36770937463689
2.36770937463689
2.36770937463689
2.36770928061584
2.36770928061584
2.36770928061584
2.36770928061584
2.36770928061584
2.36770928061584
2.36770919657552
2.3677091722384
2.36770904085315
2.36770903659566
2.36770903659566
2.36770903659566
2.3677089852142
2.36770888769262
2.36770888769262
2.36770888769262
2.36770888769262
2.36770885758174
2.36770885343005
2.36770885343005
2.36770880400377
2.36770878439323
2.36770878439323
2.36770867447208
2.36770861692233
2.36770861692233
2.36770861692233
2.36770861692233
2.36770861692233
2.36770860283654
2.3677085957121
2.36770859400617
2.36770859039806
2.36770858611084
2.36770858611084
2.36770858437418
2.36770857632982
2.36770857632982
2.36770857632982
2.36770856083389
2.36770855800412
2.36770855800412
2.36770855800412
2.36770855800412
2.36770855581539
2.36770855581539
2.36770855581539
2.36770855581539
2.36770855581539
2.3677085534193
2.3677085534193
2.3677085534193
2.3677085534193
2.36770855283769
2.36770855283769
2.36770854949447
2.36770854878182
2.36770854878182
2.36770854878182
2.36770854878182
2.36770854878182
2.36770854878182
2.3677085486276
2.3677085486276
2.36770854818514
2.36770854818514
2.36770854818514
2.36770854787824
2.36770854787824
2.36770854787824
2.36770854758269
2.36770854754909
2.36770854754909
