100000
20.6017054117247
20.4229784322416
20.2181501277246
20.0124713285507
19.8303641466342
19.5378905543928
19.3030490237357
19.0643262861363
18.8059434066958
18.5018546426418
18.2019931956832
17.9549459429645
17.6199019278061
17.2377259967581
16.8813189927991
16.520194240093
16.0423382324042
15.7678752201077
15.3751662817493
15.124230379854
14.7206482266157
14.3695863733308
13.9391796784856
13.5217749829683
13.1347768878722
12.8461509569367
12.5176267228356
12.170461719566
11.748173426776
11.387876085507
10.9872749921829
10.7263505691756
10.3274292730616
10.0205831094428
9.69447974026425
9.3627957254079
9.09007754348571
8.81185442600781
8.46155722797165
8.2097315637863
7.89118720539805
7.65990260250079
7.43588216374995
7.1876630123439
6.87794726998489
6.69446824828642
6.50824544628998
6.29885218257144
6.12451507937338
5.85489469308936
5.65935513835833
5.50853591075454
5.34936490517941
5.16498338541095
5.01418337287555
4.87390297566878
4.71528582736849
4.58547110297263
4.43492962843794
4.25929262060564
4.1338560965861
4.0215315107297
3.89688905092572
3.7385760792663
3.68713171540115
3.58305892977415
3.51481162083632
3.43874826183884
3.35883438322503
3.28880653760825
3.21843321282938
3.15972864476306
3.06250578807312
3.00287480527816
2.92376966897427
2.80534303685852
2.74688840668434
2.67395739369927
2.5815951165924
2.47603754461146
2.3562658715941
2.27533047298447
2.18858280806042
2.10808568611075
2.02810016861367
1.8898304763303
1.77919638464312
1.70179091185319
1.61461616270821
1.54104286844145
1.43933644222371
1.36700560605095
1.30434705177421
1.24772860425955
1.20236263484887
1.15085829502563
1.07457917559969
1.00853107235072
0.950958788802637
0.921668275599045
0.892036785927823
0.852452409382982
0.818063914994202
0.788156238378347
0.750642685324708
0.739963283986942
0.719988633439235
0.703461302009818
0.690940348289892
0.673764257787706
0.66230424824145
0.64523866639386
0.631837877265291
0.62260890997884
0.620793716613405
0.614506862442889
0.610050550544588
0.606726710762076
0.603861032220819
0.602642880865985
0.599760707512136
0.596250890085391
0.595496601752307
0.593647066089983
0.593647066089983
0.593647066089983
0.593361265799787
0.592602804953218
0.59223688965592
0.592196189697551
0.592196189697551
0.592196189697551
0.592196189697551
0.592196189697551
0.592196189697551
0.592196189697551
0.592196189697551
0.592196189697551
0.592196189697551
0.592196189697551
0.592196189697551
0.592196189697551
0.592196189697551
0.592196189697551
0.592196189697551
0.592196189697551
0.592196189697551
0.592196189697551
0.592196189697551
0.592196189697551
0.592196189697551
0.592196189697551
0.592196189697551
0.592196189697551
0.592196189697551
0.592196189697551
0.592196189697551
0.592196189697551
0.592196189697551
0.592196189697551
0.592196189697551
0.592196189697551
0.592196189697551
0.592196189697551
0.592196189697551
0.592196189697551
0.592196189697551
0.592196189697551
0.592196189697551
0.592196189697551
0.592196189697551
0.592196189697551
0.592196189697551
0.592196189697551
0.592196189697551
0.592196189697551
0.592196189697551
0.592196189697551
0.592196189697551
0.592196189697551
0.592196189697551
0.592196189697551
0.592196189697551
0.592196189697551
0.592196189697551
0.592196189697551
0.592196189697551
0.592196189697551
0.592196189697551
0.592196189697551
0.592196189697551
0.592196189697551
0.592196189697551
0.592196189697551
0.592196189697551
0.592196189697551
0.592196189697551
0.592196189697551
0.592196189697551
0.592196189697551
0.592196189697551
0.592196189697551
0.592196189697551
0.592196189697551
0.592196189697551
0.592196189697551
0.592196189697551
0.592196189697551
0.592196189697551
0.592196189697551
0.592196189697551
0.592196189697551
0.592196189697551
0.592196189697551
0.592196189697551
0.592196189697551
0.592196189697551
0.592196189697551
0.592196189697551
0.592196189697551
0.592196189697551
0.592196189697551
0.592196189697551
0.592196189697551
0.592196189697551
0.592196189697551
0.592196189697551
0.592196189697551
0.592196189697551
0.592196189697551
0.592196189697551
0.592196189697551
0.592196189697551
0.592196189697551
0.592196189697551
0.592196189697551
0.592196189697551
0.592196189697551
0.592196189697551
0.592196189697551
0.592196189697551
0.592196189697551
0.592196189697551
0.592196189697551
0.592196189697551
0.592196189697551
0.592196189697551
0.592196189697551
0.592196189697551
0.592196189697551
0.592196189697551
0.592196189697551
0.592196189697551
0.592196189697551
0.592196189697551
0.592196189697551
0.592196189697551
0.592196189697551
0.592196189697551
0.592196189697551
0.592196189697551
0.592196189697551
0.592196189697551
0.592196189697551
0.592196189697551
0.592196189697551
0.592196189697551
0.592196189697551
0.592196189697551
0.592196189697551
0.592196189697551
0.592196189697551
0.592196189697551
0.592196189697551
0.592196189697551
0.592196189697551
0.592196189697551
0.592196189697551
0.592196189697551
0.592196189697551
0.592196189697551
0.592196189697551
0.592196189697551
0.592196189697551
0.592196189697551
0.592196189697551
0.592196189697551
0.592196189697551
0.592196189697551
0.592196189697551
0.592196189697551
0.592196189697551
0.592196189697551
0.592196189697551
0.592196189697551
0.592196189697551
0.592196189697551
0.592196189697551
0.592196189697551
