100000
94305.4658052753
88542.4949603269
76423.6085718531
68831.7266965823
64067.0352538958
59020.0650422207
52176.4749594208
47351.8247357354
43667.6056836742
40004.1301856467
36240.6071791723
31046.9090554026
28207.3063823867
26279.4759778051
23654.5564414084
21835.363238031
19657.5477313178
17772.1037512013
16347.6255782341
14448.2238037591
13234.7090117399
10948.6770492114
9534.08269289611
8716.86886979113
7981.71145036154
7049.16850028805
6461.49153724007
5755.9901064611
5361.55059491431
4863.10014404301
4465.62076976084
4180.61167714987
3661.72534706362
3242.00782033991
3025.22280913175
2620.18054305635
2376.28306207233
2110.83992591432
1815.30096617997
1641.38777827924
1550.40599175125
1346.31717614323
1200.55855740295
1110.80108887975
965.22150285134
877.834064277726
831.35674952987
754.233967865262
688.067862167671
628.119923294957
573.792525890283
542.644819458244
475.162155557758
421.187642517526
375.015091558094
359.139399047531
312.493779351058
283.971469599357
254.847060111334
231.040255822961
215.287753847354
194.120701236011
172.811715578361
148.479289633311
137.483944164055
121.814649415046
109.486879525324
97.3577590010571
90.327463012834
83.6235327475343
72.8490751250823
67.287426896364
61.0193811176543
54.2408622529103
49.1407113724869
43.9118071379331
41.0725093475279
36.5854985681592
33.1806389850202
28.855320953353
25.6810445679644
24.0093710535656
22.5238699700526
20.4808185387837
18.6726264947964
17.6309368431787
16.0860671939939
14.481543324573
13.4022817681667
12.0664336780433
11.1486322327212
9.66912681228657
9.05987120369691
8.10311590076155
7.28431663658153
6.91848723812906
6.34678276750001
6.21902685571324
5.8321438439842
5.46968580413589
5.25357143876327
5.10711678332815
4.80558025170978
4.50722220500888
4.37565336310045
4.29485811171418
4.10868047181861
3.93109677033066
3.82026757520235
3.72178948319563
3.64733287534527
3.60203464250319
3.47417932883134
3.39852739145848
3.37976221644059
3.28004131967526
3.23224537918125
3.20631816536591
3.19486651231478
3.1587690047678
3.1587690047678
3.14727436111591
3.1452454042686
3.13963823748014
3.12731012510086
3.12253461190819
3.11650829546962
3.10953779976782
3.10658110825633
3.10374515285108
3.1015809981987
3.09999584877317
3.09852099245748
3.09852099245748
3.09765182354659
3.09709786933528
3.09595309320766
3.09404382768212
3.09324919329775
3.09324919329775
3.09315022890926
3.09231501432539
3.09181328620405
3.09105207450147
3.09099413968028
3.09037505389295
3.09035309393818
3.09012873489124
3.08957778130571
3.08950790871866
3.0894739404685
3.08924042135446
3.08910892064101
3.08904084224304
3.08897594036304
3.08872807807239
3.08865266309328
3.08861985311089
3.08841301929855
3.08834348722138
3.08829762417128
3.08817167069778
3.08809040637285
3.08805320347104
3.08800766448443
3.08796845804445
3.08791812397204
3.08784311404778
3.08781927880209
3.08778614622871
3.08776835437203
3.08773094647166
3.08768143373183
3.08767603089857
3.08764930780454
3.08764784870669
3.08764229331354
3.08762694446459
3.08760784648617
3.0876060225124
3.08759182096671
3.08758369460594
3.08757165834592
3.08756719715136
3.0875630693153
3.08756138488069
3.08755833413621
3.08754998604436
3.0875451932602
3.08753654062046
3.08753248146811
3.08752891398212
3.08752762938209
3.08752563657356
3.08752498485762
3.0875196975293
3.08751788889062
3.08751487204297
3.08751487204297
3.08751289948171
3.08751182981158
3.08751182981158
3.08751075029961
3.08750999990967
3.08750868272617
3.08750614769914
3.08750614769914
3.08750583441058
3.08750513827271
3.08750504116753
3.08750497578232
3.08750352769414
3.08750332188701
3.08750282335209
3.0875027552945
3.08750223120768
3.08750223120768
3.08750221344839
3.08750215059398
3.08750180078836
3.08750150512315
3.08750148952735
3.08750142393752
3.08750133986324
3.08750118261333
3.0875010667543
3.0875009263
3.0875009263
3.08750086405605
3.08750081959931
3.08750073807279
3.087500648313
3.08750058774243
3.08750058646107
3.0875004775295
3.08750047497426
3.0875004542709
3.08750045171574
3.08750043622619
3.08750037117049
3.08750035781601
3.08750034420007
3.08750034408802
3.08750032622561
3.08750032622561
3.08750032459521
3.08750029354403
3.08750029327154
3.08750028449556
3.08750027384388
3.08750026890796
3.08750025643758
3.08750025233252
3.08750023685344
3.08750023484266
3.08750023053971
3.08750022341332
3.08750022341332
3.08750022087173
3.08750021768772
3.08750021738836
3.08750021291207
3.08750020946499
3.08750020520265
3.08750020199666
3.08750020014426
3.08750020014426
3.08750019906493
3.0875001979804
3.08750019725254
3.08750019598608
3.0875001953486
3.08750019468449
3.08750019394278
3.08750019333894
3.08750019252955
3.08750019189319
3.08750019183329
3.08750019134104
3.08750019096003
3.08750019049921
3.08750019040987
3.08750019006065
3.08750018980811
3.08750018969778
3.08750018947679
3.08750018924518
3.08750018916834
3.08750018897141
3.08750018882222
3.08750018876416
3.0875001886305
3.08750018841433
3.0875001882918
3.0875001882918
3.0875001882523
3.08750018822599
3.08750018800911
3.08750018800911
