100000
99791.56
98715.18
94533.26
86665.78
78193.86
69467.36
62341.74
56219.88
51943.06
46360.94
41707.44
38066.96
33043.36
30322.74
27726.32
24447.2
22534.06
20077.74
17877.04
16311.74
14591
13507.16
12111.54
10796.88
9689
8716.12
7691.9
6916.4
6330.4
5589.96
5066.24
4521.74
4093
3685.3
3343.3
2955.54
2688.24
2412.96
2184.24
1951.04
1745.98
1558.68
1394.16
1240.04
1114.66
992.74
895.56
807.82
714.08
633.7
558.94
494.84
447.44
398.18
356.98
318.32
289.5
253.6
222.42
194.9
175.86
159.28
142.74
124.58
109.98
96.12
83.98
74.88
66.54
59.36
51.1
43.4
37.32
34.08
30.82
28.7
25.86
22.38
20
16.74
13.98
11.12
9.32
8.56
7.94
7.44
6.84
6.44
6
5.68
5.22
4.62
4.08
3.64
2.94
2.48
2.16
1.82
1.3
0.62
0.34
0.16
0.08
0.08
0.06
0.06
0.02
0.02
0.02
0.02
0.02
0.02
0.02
0
0
0
0
0
0
0
0
0
0
0
0
0
0
0
0
0
0
0
0
0
0
0
0
0
0
0
0
0
0
0
0
0
0
0
0
0
0
0
0
0
0
0
0
0
0
0
0
0
0
0
0
0
0
0
0
0
0
0
0
0
0
0
0
0
0
0
0
0
0
0
0
0
0
0
0
0
0
0
0
0
0
0
0
0
0
0
0
0
0
0
0
0
0
0
0
0
0
0
0
0
0
0
0
0
0
0
0
0
0
0
0
0
0
0
0
0
0
0
0
0
0
0
0
0
0
0
0
0
0
0
0
0
0
0
0
0
0
0
0
0
0
0
0
0
0
0
0
0
0
0
0
0
0
0
0
0
0
0
0
0
0
0
0
0
0
0
0
0
0
0
0
0
0
0
0
0
0
0
0
0
0
0
0
0
0
