100000
86.5174606197036
80.4560477397572
77.4094005892167
72.8273008659283
69.9569076589711
66.2605757569252
62.8312340617242
59.5083617198661
55.4484142325134
52.9435170895961
50.7557794070594
48.0689578512337
45.9811231798207
43.7801057818621
41.6650869654739
39.5102871174694
37.5327775523786
35.4078744975234
33.6843821957759
32.213424016777
30.5396783811456
28.9971865570033
27.6076933830311
26.2583224785956
24.9509805291275
23.6628476824009
22.5235678177722
21.5325115160117
20.1606635248738
19.0346730691618
18.235693935998
17.4824867014839
16.5227296802319
15.6406726628266
14.9617342070798
14.2225252932535
13.5062685240267
12.8215634569497
12.346604508648
11.5708474003702
10.962996578037
10.3648008267519
9.89337299209705
9.37940724818257
8.96475393727079
8.52120656120409
8.10985237346416
7.61530462858684
7.27172079830426
6.89616412913528
6.54326516469979
6.17223191061289
5.92897570660537
5.71523325947154
5.36108410246922
5.11635035342568
4.86573266494318
4.58071613412776
4.34803004537325
4.10911883724771
3.9033350939606
3.75749065302261
3.54653560098863
3.36546427427663
3.21118636862223
3.05248197749063
2.87873337692358
2.75205381394667
2.60204884559998
2.47719794534594
2.36137635390634
2.24492268541086
2.12931230978925
2.05913119187189
1.95168947466093
1.863461103055
1.77967144121701
1.69939682721183
1.61557536313913
1.54671672935736
1.46580832362278
1.39160277824964
1.3329998971912
1.2828493135121
1.21326228913485
1.16802091861198
1.11821455047459
1.06836852918399
1.02057034639135
0.966128285380278
0.931383306982714
0.903461427765701
0.867774469315135
0.832615475981879
0.802109702125113
0.785019105138852
0.76668954234968
0.728615307638149
0.700565596332119
0.671225928956321
0.646846900330285
0.633655774662177
0.622288226071795
0.611660380757383
0.593534266576561
0.57570576580303
0.5651612594861
0.55539843426624
0.543624822459655
0.534424089940911
0.527573721326147
0.515127105026596
0.503912124758733
0.495073072022226
0.484664495578291
0.481680009264496
0.476406451188781
0.469393560220175
0.46522196569309
0.460404806662015
0.455583879312898
0.453650564328141
0.447818809143463
0.443966270160719
0.441472235638202
0.433787072106901
0.430897432162279
0.428974292961287
0.426874064466543
0.425384042044793
0.424103322335752
0.423182849559749
0.422329490379134
0.420759947274932
0.420360878743316
0.419599651055399
0.418739174476948
0.41850593468923
0.418254165213679
0.418065168709746
0.41786479671403
0.417555407450965
0.417372522960952
0.417372522960952
0.417372522960952
0.417288228890487
0.417288228890487
0.417288228890487
0.417261677247647
0.417261677247647
0.417123584532003
0.417123584532003
0.417123584532003
0.417123584532003
0.417123584532003
0.417123584532003
0.417123584532003
0.417123584532003
0.417123584532003
0.417123584532003
0.417123584532003
0.417123584532003
0.417123584532003
0.417123584532003
0.417123584532003
0.417123584532003
0.417123584532003
0.417123584532003
0.417123584532003
0.417123584532003
0.417123584532003
0.417123584532003
0.417123584532003
0.417123584532003
0.417123584532003
0.417123584532003
0.417123584532003
0.417123584532003
0.417123584532003
0.417123584532003
0.417123584532003
0.417123584532003
0.417123584532003
0.417123584532003
0.417123584532003
0.417123584532003
0.417123584532003
0.417123584532003
0.417123584532003
0.417123584532003
0.417123584532003
0.417123584532003
0.417123584532003
0.417123584532003
0.417123584532003
0.417123584532003
0.417123584532003
0.417123584532003
0.417123584532003
0.417123584532003
0.417123584532003
0.417123584532003
0.417123584532003
0.417123584532003
0.417123584532003
0.417123584532003
0.417123584532003
0.417123584532003
0.417123584532003
0.417123584532003
0.417123584532003
0.417123584532003
0.417123584532003
0.417123584532003
0.417123584532003
0.417123584532003
0.417123584532003
0.417123584532003
0.417123584532003
0.417123584532003
0.417123584532003
0.417123584532003
0.417123584532003
0.417123584532003
0.417123584532003
0.417123584532003
0.417123584532003
0.417123584532003
0.417123584532003
0.417123584532003
0.417123584532003
0.417123584532003
0.417123584532003
0.417123584532003
0.417123584532003
0.417123584532003
0.417123584532003
0.417123584532003
0.417123584532003
0.417123584532003
0.417123584532003
0.417123584532003
0.417123584532003
0.417123584532003
0.417123584532003
0.417123584532003
0.417123584532003
0.417123584532003
0.417123584532003
0.417123584532003
0.417123584532003
0.417123584532003
0.417123584532003
0.417123584532003
0.417123584532003
0.417123584532003
0.417123584532003
0.417123584532003
0.417123584532003
0.417123584532003
0.417123584532003
0.417123584532003
0.417123584532003
0.417123584532003
0.417123584532003
0.417123584532003
0.417123584532003
0.417123584532003
0.417123584532003
0.417123584532003
0.417123584532003
0.417123584532003
0.417123584532003
0.417123584532003
0.417123584532003
0.417123584532003
0.417123584532003
0.417123584532003
0.417123584532003
0.417123584532003
0.417123584532003
0.417123584532003
0.417123584532003
0.417123584532003
0.417123584532003
0.417123584532003
0.417123584532003
0.417123584532003
0.417123584532003
0.417123584532003
0.417123584532003
0.417123584532003
0.417123584532003
0.417123584532003
0.417123584532003
0.417123584532003
0.417123584532003
0.417123584532003
0.417123584532003
