100000
99564.1746468178
98809.4717648286
96079.545643462
86898.4949199735
80380.3673616858
70412.152718436
63435.3420586188
58067.9692037885
51942.5297147889
47231.4235715661
42314.754374075
38117.0769171255
34436.2532603609
30970.8385144286
27680.9363739194
24679.6831922773
22165.2672194305
20340.2414410425
18444.4651443665
16517.6946273388
14979.4779637282
13409.8841807991
12127.6747427087
10829.1252882944
9881.31485559054
8900.31967712636
7828.16400131752
7010.85257379625
6276.54139617786
5614.52802035739
5065.5795967471
4433.94838443262
4055.69220456774
3546.43132555361
3191.47878355707
2880.96413616048
2555.59906676568
2255.85844905648
1979.01796662551
1787.05901431993
1531.07915621308
1329.42206645873
1162.39548127889
1012.50151020047
861.160975210285
729.555995250025
609.423315977407
518.713951468336
423.417831437862
335.189668856214
251.591856240605
188.495934881127
116.805598356091
63.8210423269411
24.2091994583754
-22.0957570523408
-65.1661499240597
-101.43649611439
-142.021021517405
-164.471694206576
-194.145822682915
-219.88985719858
-241.37578503831
-262.795192137464
-282.590110743654
-298.907127304999
-312.860566096975
-324.144586657765
-335.490869159238
-348.180500090852
-357.904065671135
-368.296729478826
-374.492322177351
-382.668905389598
-389.269626439898
-395.758764306371
-401.602568396936
-405.682966369217
-409.228884392095
-413.37711988977
-416.398493227539
-419.559319064531
-422.820059101794
-425.543768203361
-427.789093884321
-429.999129436868
-431.462131396948
-433.277704479688
-434.724279638296
-436.341999569829
-437.475158338772
-438.682501887175
-439.882345545899
-440.777377576549
-441.511997001034
-442.181412451539
-442.855363847689
-443.566833275068
-443.989300897975
-444.418905295998
-444.951928050026
-445.334501224022
-445.776613814797
-446.054884633819
-446.265507415738
-446.623917201255
-446.869823625539
-447.091312099302
-447.295810240074
-447.444373692362
-447.598788205587
-447.690606603428
-447.79522212531
-447.896906661148
-447.982411460282
-448.094532846119
-448.169859972854
-448.221552522017
-448.282177346172
-448.344157090859
-448.389377144836
-448.438238224924
-448.471930592653
-448.497958625275
-448.522452350451
-448.542171486796
-448.56154546555
-448.584906033484
-448.599100180895
-448.610184792757
-448.624300460403
-448.636800969386
-448.647595465935
-448.65474793313
-448.663681916109
-448.671667231794
-448.67946688766
-448.685614139502
-448.690273446735
-448.695461402753
-448.69997955851
-448.702723110812
-448.706429785058
-448.709643991131
-448.712912120361
-448.715035341726
-448.71745896123
-448.719988019021
-448.722054611976
-448.723246115339
-448.724805509955
-448.726009942714
-448.727360700264
-448.728419147782
-448.730025732929
-448.730746716495
-448.731452790395
-448.732144288036
-448.732870124593
-448.733529125586
-448.734133640222
-448.734575939823
-448.735032318374
-448.735518680719
-448.735880868166
-448.736153871437
-448.736427234523
-448.736703719521
-448.736933761759
-448.737194084649
-448.737386558106
-448.737574563352
-448.737731274124
-448.737907555474
-448.737999489102
-448.738140278825
-448.738269991011
-448.738366976712
-448.738428916968
-448.738510541156
-448.738594306595
-448.738651103254
-448.738715580838
-448.738770573364
-448.738805761136
-448.738849452587
-448.738885133372
-448.738925788445
-448.738957065436
-448.738990683421
-448.739012093869
-448.739036285843
-448.739053852963
-448.739074310161
-448.73909043292
-448.739103938372
-448.739120629107
-448.739131164406
-448.739142714356
-448.739151931114
-448.739160243329
-448.739171959951
-448.739178449503
-448.739185562764
-448.739190143354
-448.73919626955
-448.739201302742
-448.73920646053
-448.739209641338
-448.739213787132
-448.73921686713
-448.739220179748
-448.739222647858
-448.739224581782
-448.739227592153
-448.739230020616
-448.739231161136
-448.739232862462
-448.73923446664
-448.739235704332
-448.739237031683
-448.739237858143
-448.739238800319
-448.73923969262
-448.739240544161
-448.739241363221
-448.739241943737
-448.739242541608
-448.739242945648
-448.739243435645
-448.739243872615
-448.739244254468
-448.739244584296
-448.739244854625
-448.73924521398
-448.73924544216
-448.739245692026
-448.739245937624
-448.739246119949
-448.739246259483
-448.739246390731
-448.739246518169
-448.739246654789
-448.739246761297
-448.739246864004
-448.739246964731
-448.739247053137
-448.739247114527
-448.739247175894
-448.739247246752
-448.739247298516
-448.739247345525
-448.739247389759
-448.739247426904
-448.739247463126
-448.739247496173
-448.739247526769
-448.739247553359
-448.739247576983
-448.739247602541
-448.739247619204
-448.739247638124
-448.739247653237
-448.739247665452
-448.739247677108
-448.739247690893
-448.739247703476
-448.73924771293
-448.739247719466
-448.739247728324
-448.73924773681
-448.739247740847
-448.739247747542
-448.739247752907
-448.739247757802
-448.739247761512
-448.739247765854
-448.739247768879
-448.739247772343
-448.739247774543
-448.73924777745
-448.739247779325
-448.73924778183
-448.73924778345
-448.739247785003
-448.739247786732
-448.739247788239
-448.739247789219
-448.739247790115
-448.739247791338
-448.739247792187
-448.739247793106
-448.73924779385
-448.739247794359
-448.739247795187
-448.739247795615
-448.739247796183
-448.739247796586
-448.739247796963
