100000
49.6687774193271
47.6097100031014
45.9291460568942
44.5593601457294
43.2679265478278
42.0570796016641
41.0336639481361
40.101194601412
39.555487348702
39.0583880261627
38.3553926950739
37.4458619063324
36.745353527025
36.1046810988704
35.0620591241427
34.2107623403244
33.1974516734915
32.5582620235015
31.6191294201596
31.0149786272821
29.7213201672508
28.6505073509029
27.506280869687
26.3988094790364
25.337753887577
24.4082705432413
23.7475903372075
22.7830217716532
22.0161967612902
21.5787160522019
21.2311874489898
20.7997882555914
20.119146126797
19.5808288564288
19.1674836399705
18.6086446268026
18.1008589697462
17.560937450366
17.1726719902706
16.5148638485725
15.7949392115022
15.3266919737346
14.9026694084294
14.4759180124055
13.8444891501805
13.1852199564883
12.7084228318902
12.1960848686596
11.8033398949976
11.3859852055042
11.0835839383801
10.8493232898826
10.634436279503
10.3447131999945
10.0183507966702
9.79798358088454
9.45341712588082
9.19351605172115
8.93575236271672
8.73460520088248
8.46542663493485
8.20511405644437
7.85629964934628
7.6325966735386
7.33357254889073
7.08489390784303
6.7246698675675
6.49632470827538
6.27510852465282
6.08428564400382
5.85192889651557
5.70254065367778
5.54591746920007
5.39372208582527
5.20425762081562
5.0634738092612
4.94272076782495
4.82673114646897
4.73640486235297
4.61219895751075
4.48329361076958
4.3328759373526
4.17929099225291
4.04936983082741
3.87328608040316
3.7371758034728
3.58716518605748
3.47453286871897
3.41037440634023
3.2928700663701
3.17917789500966
3.10621744641256
3.02501312975901
2.92701927876899
2.84601665899007
2.78327939666811
2.68484393157759
2.60706850659607
2.56454931659206
2.46773472108076
2.43980682028944
2.39184240304587
2.31738460201553
2.28763573727713
2.25509228950268
2.22557924112003
2.20066546049532
2.18000301803208
2.14432576545582
2.13510723275008
2.12146509446751
2.10441879739898
2.09695396879775
2.09319420169447
2.08252551436016
2.08050713926434
2.07881404628776
2.07558576666267
2.07558576666267
2.07482965062431
2.06703870323491
2.06601130513475
2.06601130513475
2.06248152040336
2.06065578231132
2.06065578231132
2.06065578231132
2.06065578231132
2.06065578231132
2.06065578231132
2.06065578231132
2.06065578231132
2.06065578231132
2.06065578231132
2.06065578231132
2.06065578231132
2.06065578231132
2.06065578231132
2.06065578231132
2.06065578231132
2.06065578231132
2.06065578231132
2.06065578231132
2.06065578231132
2.06065578231132
2.06065578231132
2.06065578231132
2.06065578231132
2.06065578231132
2.06065578231132
2.06065578231132
2.06065578231132
2.06065578231132
2.06065578231132
2.06065578231132
2.06065578231132
2.06065578231132
2.06065578231132
2.06065578231132
2.06065578231132
2.06065578231132
2.06065578231132
2.06065578231132
2.06065578231132
2.06065578231132
2.06065578231132
2.06065578231132
2.06065578231132
2.06065578231132
2.06065578231132
2.06065578231132
2.06065578231132
2.06065578231132
2.06065578231132
2.06065578231132
2.06065578231132
2.06065578231132
2.06065578231132
2.06065578231132
2.06065578231132
2.06065578231132
2.06065578231132
2.06065578231132
2.06065578231132
2.06065578231132
2.06065578231132
2.06065578231132
2.06065578231132
2.06065578231132
2.06065578231132
2.06065578231132
2.06065578231132
2.06065578231132
2.06065578231132
2.06065578231132
2.06065578231132
2.06065578231132
2.06065578231132
2.06065578231132
2.06065578231132
2.06065578231132
2.06065578231132
2.06065578231132
2.06065578231132
2.06065578231132
2.06065578231132
2.06065578231132
2.06065578231132
2.06065578231132
2.06065578231132
2.06065578231132
2.06065578231132
2.06065578231132
2.06065578231132
2.06065578231132
2.06065578231132
2.06065578231132
2.06065578231132
2.06065578231132
2.06065578231132
2.06065578231132
2.06065578231132
2.06065578231132
2.06065578231132
2.06065578231132
2.06065578231132
2.06065578231132
2.06065578231132
2.06065578231132
2.06065578231132
2.06065578231132
2.06065578231132
2.06065578231132
2.06065578231132
2.06065578231132
2.06065578231132
2.06065578231132
2.06065578231132
2.06065578231132
2.06065578231132
2.06065578231132
2.06065578231132
2.06065578231132
2.06065578231132
2.06065578231132
2.06065578231132
2.06065578231132
2.06065578231132
2.06065578231132
2.06065578231132
2.06065578231132
2.06065578231132
2.06065578231132
2.06065578231132
2.06065578231132
2.06065578231132
2.06065578231132
2.06065578231132
2.06065578231132
2.06065578231132
2.06065578231132
2.06065578231132
2.06065578231132
2.06065578231132
2.06065578231132
2.06065578231132
2.06065578231132
2.06065578231132
2.06065578231132
2.06065578231132
2.06065578231132
2.06065578231132
2.06065578231132
2.06065578231132
2.06065578231132
2.06065578231132
2.06065578231132
2.06065578231132
2.06065578231132
2.06065578231132
2.06065578231132
2.06065578231132
2.06065578231132
2.06065578231132
2.06065578231132
2.06065578231132
2.06065578231132
2.06065578231132
2.06065578231132
2.06065578231132
2.06065578231132
2.06065578231132
2.06065578231132
2.06065578231132
2.06065578231132
2.06065578231132
2.06065578231132
2.06065578231132
2.06065578231132
