100000
90.9038675691112
87.0315422101652
82.0117224920153
78.1098332403931
74.4341115046075
70.6504703784675
67.085357791147
63.5465852590307
60.4259137098762
57.7140195298604
54.6463104308204
51.8318966081739
49.620200584739
46.999818835636
44.5590279495954
42.2109453392251
40.21211407505
38.2273970945152
36.1482563136816
34.5352301623167
32.7463622611528
31.1313839709447
29.6061333321291
27.8075186797305
26.5489243545485
25.2516344281843
24.1199395572321
22.7970171823973
21.7115682975197
20.6978374933176
19.6937635380924
18.5960445619591
17.7700855657945
16.8314590011453
15.9418923712035
15.1472503788146
14.4287465001599
13.6394651098879
12.9785638264997
12.3207193940741
11.7051367428749
11.134826600089
10.5771000326701
10.0675178126434
9.57246273929519
9.0789169051152
8.61891025812847
8.2204297769036
7.76141964556292
7.39500416602359
6.98782069670158
6.6786506893647
6.34454343639795
6.04665048427022
5.64837594802977
5.40674390987898
5.15058622185567
4.91579611064938
4.64961651017991
4.38574311208391
4.20711366922593
4.01882354640006
3.80402236539942
3.6143910485321
3.44771403894031
3.25775325684153
3.12102362756629
2.96853990940919
2.83885578034642
2.70198669725601
2.53034245132358
2.44606255016307
2.32837366866144
2.22563525332582
2.12814568280462
2.01267405887142
1.92218588746265
1.84079721490714
1.7583912810363
1.67437669520252
1.61433206526061
1.5404156880623
1.4772816512584
1.4183875132622
1.35807653036351
1.30793250496165
1.25513890237784
1.20076302922612
1.15646428653653
1.11362687463892
1.07345912546002
1.02687391381169
0.991497615419113
0.947497892212761
0.919411697856614
0.889931431438442
0.867778208630307
0.836370568592014
0.80951389254104
0.779653938678026
0.754373560172137
0.735654696910761
0.715834927110489
0.699056989369813
0.676261722926128
0.659441128119537
0.650687287777632
0.640379392011414
0.624231058484536
0.608785925162169
0.600175275126744
0.589924807923688
0.578410041247897
0.569959581637092
0.562174207048319
0.554333862935458
0.541974522866732
0.535616137946407
0.528688687527612
0.520947148446912
0.514463088638698
0.510260402375444
0.504966809043668
0.498869556347405
0.493921488326315
0.489711640657075
0.485558297158398
0.481684948975789
0.47851678046129
0.474689530862147
0.471395532757337
0.468896850303467
0.466565708867652
0.466100388756221
0.464333055422913
0.462440945774164
0.461376605257824
0.460414832646963
0.458382589118199
0.457010132921288
0.455796693063072
0.455080800606081
0.454860130554759
0.454635110443184
0.454252464977884
0.45327330363927
0.452489605924799
0.452064828882789
0.451720216147751
0.451522354030186
0.45137549291842
0.451160990576472
0.451160990576472
0.451160990576472
0.451010760946878
0.450983953769875
0.450981234415372
0.450909850371839
0.450909850371839
0.450909850371839
0.450775190187527
0.450775190187527
0.450775190187527
0.450775190187527
0.450775190187527
0.450775190187527
0.450775190187527
0.450775190187527
0.450775190187527
0.450775190187527
0.450775190187527
0.450775190187527
0.450775190187527
0.450775190187527
0.450775190187527
0.450775190187527
0.450775190187527
0.450775190187527
0.450775190187527
0.450775190187527
0.450775190187527
0.450775190187527
0.450775190187527
0.450775190187527
0.450775190187527
0.450775190187527
0.450775190187527
0.450775190187527
0.450775190187527
0.450775190187527
0.450775190187527
0.450775190187527
0.450775190187527
0.450775190187527
0.450775190187527
0.450775190187527
0.450775190187527
0.450775190187527
0.450775190187527
0.450775190187527
0.450775190187527
0.450775190187527
0.450775190187527
0.450775190187527
0.450775190187527
0.450775190187527
0.450775190187527
0.450775190187527
0.450775190187527
0.450775190187527
0.450775190187527
0.450775190187527
0.450775190187527
0.450775190187527
0.450775190187527
0.450775190187527
0.450775190187527
0.450775190187527
0.450775190187527
0.450775190187527
0.450775190187527
0.450775190187527
0.450775190187527
0.450775190187527
0.450775190187527
0.450775190187527
0.450775190187527
0.450775190187527
0.450775190187527
0.450775190187527
0.450775190187527
0.450775190187527
0.450775190187527
0.450775190187527
0.450775190187527
0.450775190187527
0.450775190187527
0.450775190187527
0.450775190187527
0.450775190187527
0.450775190187527
0.450775190187527
0.450775190187527
0.450775190187527
0.450775190187527
0.450775190187527
0.450775190187527
0.450775190187527
0.450775190187527
0.450775190187527
0.450775190187527
0.450775190187527
0.450775190187527
0.450775190187527
0.450775190187527
0.450775190187527
0.450775190187527
0.450775190187527
0.450775190187527
0.450775190187527
0.450775190187527
0.450775190187527
0.450775190187527
0.450775190187527
0.450775190187527
0.450775190187527
0.450775190187527
0.450775190187527
0.450775190187527
0.450775190187527
0.450775190187527
0.450775190187527
0.450775190187527
0.450775190187527
0.450775190187527
0.450775190187527
0.450775190187527
0.450775190187527
0.450775190187527
0.450775190187527
0.450775190187527
0.450775190187527
0.450775190187527
0.450775190187527
0.450775190187527
0.450775190187527
0.450775190187527
0.450775190187527
0.450775190187527
0.450775190187527
0.450775190187527
0.450775190187527
0.450775190187527
0.450775190187527
0.450775190187527
0.450775190187527
0.450775190187527
0.450775190187527
0.450775190187527
