100000
26108.5440136002
24021.0241028847
21991.7443042575
19086.1496996509
17408.2348937438
15749.5162756726
14293.5069747912
12708.7257736453
11606.5361829649
10467.3254456029
9386.3028616691
8632.09196989134
7731.29012732244
6967.35642984762
6136.26511307299
5627.69614467053
5108.01565478291
4529.16015015602
4135.49738125705
3670.48075621416
3322.82829875415
3054.86796309823
2775.74346555155
2486.26058248374
2234.16373027975
2027.6350474806
1835.77648339968
1647.47373036216
1498.46590447241
1349.15909775144
1183.20337803879
1062.92542706484
968.599279694979
891.587233608061
787.116559838876
707.17494002572
646.415726610731
598.450269689487
522.396903607446
481.438002866385
427.216199967052
387.961914538005
351.723520624373
320.280747309951
291.302046580407
256.190160513535
238.295618554119
210.638910343359
189.249375711387
173.805190605809
154.435843316511
142.519427954457
127.962040225212
113.658482253085
102.519735993582
93.5487041808167
85.837697249713
76.0287744610765
68.0483932943095
61.3776932035201
56.3570162893745
51.087998382364
45.5902466986156
40.2618349028183
37.0249466658999
34.0020097247138
30.3459459248526
27.1262572346719
24.7807571871731
22.3142824038727
20.1689057073254
18.2558503891984
16.4540174170538
14.8929034578101
13.333887266601
11.9950961194829
10.9194030617194
10.047904689406
9.00599026640739
8.11352210876797
7.38329010787283
6.73166784331834
6.19017737971816
5.54995017555818
5.10391120056022
4.65601709774742
4.16335119594557
3.88214984020728
3.56581927909668
3.20894151490179
2.90643015953374
2.67038964208191
2.46504379121396
2.2194002528095
2.04031852734619
1.89140838300004
1.77213811640606
1.66111171908809
1.55456976397825
1.47242539070931
1.37281731853499
1.28980627398867
1.23873708738571
1.16325488501697
1.09547956552792
1.04671098046488
0.997664004171955
0.981718938582163
0.953245809116242
0.915954411910582
0.894208442715499
0.87423817167233
0.857078600401012
0.838225310160905
0.822578524962525
0.822130825080296
0.811115692141622
0.799002967294904
0.794689551285702
0.789735485905178
0.78775052972377
0.786695747322296
0.785228138607982
0.78072229177372
0.778467193651581
0.777909546103985
0.777450455136656
0.777407650336724
0.777407650336724
0.777407650336724
0.777407650336724
0.777407650336724
0.777407650336724
0.777407650336724
0.777407650336724
0.777407650336724
0.777407650336724
0.777407650336724
0.777407650336724
0.777407650336724
0.777407650336724
0.777407650336724
0.777407650336724
0.777407650336724
0.777407650336724
0.777407650336724
0.777407650336724
0.777407650336724
0.777407650336724
0.777407650336724
0.777407650336724
0.777407650336724
0.777407650336724
0.777407650336724
0.777407650336724
0.777407650336724
0.777407650336724
0.777407650336724
0.777407650336724
0.777407650336724
0.777407650336724
0.777407650336724
0.777407650336724
0.777407650336724
0.777407650336724
0.777407650336724
0.777407650336724
0.777407650336724
0.777407650336724
0.777407650336724
0.777407650336724
0.777407650336724
0.777407650336724
0.777407650336724
0.777407650336724
0.777407650336724
0.777407650336724
0.777407650336724
0.777407650336724
0.777407650336724
0.777407650336724
0.777407650336724
0.777407650336724
0.777407650336724
0.777407650336724
0.777407650336724
0.777407650336724
0.777407650336724
0.777407650336724
0.777407650336724
0.777407650336724
0.777407650336724
0.777407650336724
0.777407650336724
0.777407650336724
0.777407650336724
0.777407650336724
0.777407650336724
0.777407650336724
0.777407650336724
0.777407650336724
0.777407650336724
0.777407650336724
0.777407650336724
0.777407650336724
0.777407650336724
0.777407650336724
0.777407650336724
0.777407650336724
0.777407650336724
0.777407650336724
0.777407650336724
0.777407650336724
0.777407650336724
0.777407650336724
0.777407650336724
0.777407650336724
0.777407650336724
0.777407650336724
0.777407650336724
0.777407650336724
0.777407650336724
0.777407650336724
0.777407650336724
0.777407650336724
0.777407650336724
0.777407650336724
0.777407650336724
0.777407650336724
0.777407650336724
0.777407650336724
0.777407650336724
0.777407650336724
0.777407650336724
0.777407650336724
0.777407650336724
0.777407650336724
0.777407650336724
0.777407650336724
0.777407650336724
0.777407650336724
0.777407650336724
0.777407650336724
0.777407650336724
0.777407650336724
0.777407650336724
0.777407650336724
0.777407650336724
0.777407650336724
0.777407650336724
0.777407650336724
0.777407650336724
0.777407650336724
0.777407650336724
0.777407650336724
0.777407650336724
0.777407650336724
0.777407650336724
0.777407650336724
0.777407650336724
0.777407650336724
0.777407650336724
0.777407650336724
0.777407650336724
0.777407650336724
0.777407650336724
0.777407650336724
0.777407650336724
0.777407650336724
0.777407650336724
0.777407650336724
0.777407650336724
0.777407650336724
0.777407650336724
0.777407650336724
0.777407650336724
0.777407650336724
0.777407650336724
0.777407650336724
0.777407650336724
0.777407650336724
0.777407650336724
0.777407650336724
0.777407650336724
0.777407650336724
0.777407650336724
0.777407650336724
0.777407650336724
0.777407650336724
0.777407650336724
0.777407650336724
0.777407650336724
0.777407650336724
0.777407650336724
0.777407650336724
0.777407650336724
0.777407650336724
0.777407650336724
0.777407650336724
