100000
408.393114193315
386.341881297506
363.688273354173
343.957764874647
326.619487331368
314.497011749003
305.150056267687
296.744174183414
278.324321759982
258.419119987499
252.518407530358
247.424558531684
243.161718494678
235.681568353971
224.717596841907
208.397480175071
194.005203222224
188.920725319576
186.682170561266
186.315590589904
185.518008962394
185.298432777471
185.041029902143
183.17984620181
182.337422592221
177.284385474263
168.556328532368
151.741352186329
145.387065312816
142.381946926587
142.253333351374
142.176616828956
142.176616828956
142.176616828956
142.176616828956
142.176616828956
142.176616828956
142.176616828956
142.176616828956
142.176616828956
142.176616828956
142.176616828956
142.176616828956
142.176616828956
142.176616828956
142.176616828956
141.95332600148
141.95332600148
141.743785031676
141.477388768872
138.091721779684
134.174448496007
126.789787718064
117.209626479538
110.101653090532
100.125794772742
93.593658363979
84.0480622044642
76.2878824617472
68.5969155551262
63.8178018870439
59.3705967493858
53.272419017922
48.4471176461027
44.1084737240824
40.1388669278733
36.7973960952307
32.5627289403682
29.5599372682838
26.1230987546916
23.970742104064
21.4476249586026
20.01855841071
18.1156351117656
16.636290284007
15.1489003780084
13.8890064880842
12.6804434577343
11.474851464857
10.3000342224181
9.26636539395426
8.37038852113324
7.46677177823332
6.69351730388035
6.22816120703483
5.63669803016439
5.02174702262287
4.53154520108914
4.25625269231387
3.95939862586887
3.76489058195615
3.37170042051828
2.97668940067543
2.77282012363207
2.49628571722865
2.29206856591734
2.13813464387748
2.03574940572022
1.86512309718746
1.74348761420356
1.65466924343585
1.60122948027265
1.46620345375235
1.37299765514548
1.29958989695372
1.25748232726317
1.22753302990246
1.17786103973701
1.14989770606302
1.12233464284953
1.09819144564465
1.05053366421179
1.03177299564571
1.01379698818281
0.99966683234536
0.99129436608442
0.981498495529637
0.970429525419224
0.957808505537279
0.949167692072743
0.940990515816131
0.937167406145028
0.932673556152562
0.925025447936823
0.925025447936823
0.924135530589656
0.924135530589656
0.924135530589656
0.922817345262372
0.922817345262372
0.922812400793673
0.922812400793673
0.922812400793673
0.922812400793673
0.922812400793673
0.922812400793673
0.922812400793673
0.922812400793673
0.922812400793673
0.922812400793673
0.922812400793673
0.922812400793673
0.922812400793673
0.922812400793673
0.922812400793673
0.922812400793673
0.922812400793673
0.922812400793673
0.922812400793673
0.922812400793673
0.922812400793673
0.922812400793673
0.922812400793673
0.922812400793673
0.922812400793673
0.922812400793673
0.922812400793673
0.922812400793673
0.922812400793673
0.922812400793673
0.922812400793673
0.922812400793673
0.922812400793673
0.922812400793673
0.922812400793673
0.922812400793673
0.922812400793673
0.922812400793673
0.922812400793673
0.922812400793673
0.922812400793673
0.922812400793673
0.922812400793673
0.922812400793673
0.922812400793673
0.922812400793673
0.922812400793673
0.922812400793673
0.922812400793673
0.922812400793673
0.922812400793673
0.922812400793673
0.922812400793673
0.922812400793673
0.922812400793673
0.922812400793673
0.922812400793673
0.922812400793673
0.922812400793673
0.922812400793673
0.922812400793673
0.922812400793673
0.922812400793673
0.922812400793673
0.922812400793673
0.922812400793673
0.922812400793673
0.922812400793673
0.922812400793673
0.922812400793673
0.922812400793673
0.922812400793673
0.922812400793673
0.922812400793673
0.922812400793673
0.922812400793673
0.922812400793673
0.922812400793673
0.922812400793673
0.922812400793673
0.922812400793673
0.922812400793673
0.922812400793673
0.922812400793673
0.922812400793673
0.922812400793673
0.922812400793673
0.922812400793673
0.922812400793673
0.922812400793673
0.922812400793673
0.922812400793673
0.922812400793673
0.922812400793673
0.922812400793673
0.922812400793673
0.922812400793673
0.922812400793673
0.922812400793673
0.922812400793673
0.922812400793673
0.922812400793673
0.922812400793673
0.922812400793673
0.922812400793673
0.922812400793673
0.922812400793673
0.922812400793673
0.922812400793673
0.922812400793673
0.922812400793673
0.922812400793673
0.922812400793673
0.922812400793673
0.922812400793673
0.922812400793673
0.922812400793673
0.922812400793673
0.922812400793673
0.922812400793673
0.922812400793673
0.922812400793673
0.922812400793673
0.922812400793673
0.922812400793673
0.922812400793673
0.922812400793673
0.922812400793673
0.922812400793673
0.922812400793673
0.922812400793673
0.922812400793673
0.922812400793673
0.922812400793673
0.922812400793673
0.922812400793673
0.922812400793673
0.922812400793673
0.922812400793673
0.922812400793673
0.922812400793673
0.922812400793673
0.922812400793673
0.922812400793673
0.922812400793673
0.922812400793673
0.922812400793673
0.922812400793673
0.922812400793673
0.922812400793673
0.922812400793673
0.922812400793673
0.922812400793673
0.922812400793673
0.922812400793673
0.922812400793673
0.922812400793673
0.922812400793673
0.922812400793673
0.922812400793673
0.922812400793673
0.922812400793673
0.922812400793673
0.922812400793673
0.922812400793673
0.922812400793673
0.922812400793673
0.922812400793673
0.922812400793673
