100000
10.0616087630003
2.10189482643048
0.555288190182334
0.391209489057983
0.213566047781674
0.0678593250105648
0.059049765840031
0.0483369247731618
0.0436701579920741
0.0405266090895087
0.031604980178499
0.0240363819681757
0.0184721126604751
0.0150835184411604
0.014041615215479
0.0139231056061217
0.0135154822489323
0.0102581253336549
0.00897718540922198
0.00852648182447698
0.00673938235727948
0.00592364038786552
0.00421163032319077
0.00381565836727488
0.00362667915051379
0.00304532417971396
0.00227864259966728
0.00213324000992252
0.00163784692469025
0.00156253242745191
0.00145071194785916
0.00130816246357645
0.00110367268020138
0.00109636921738702
0.0010336824042372
0.0009858667284851
0.000974223601635796
0.000974223601635796
0.00087071503762102
0.000775837160123879
0.000739110804740899
0.000545914505144425
0.000537880346275658
0.000498109374668385
0.000460729875504971
0.000300068401893179
0.00029881577386397
0.000276218057037366
0.000261305567838265
0.000251478695921798
0.000189352500193893
0.000157739794850728
0.000144276483208241
0.000136415738422209
0.000114553689912116
0.000109758548048372
7.43681201009515E-05
7.36446790278273E-05
6.76258485527006E-05
6.37475539561891E-05
4.80074687200219E-05
4.80074687200219E-05
4.44139315964387E-05
4.24368512135783E-05
4.12401406464293E-05
3.67136422723623E-05
3.24348848013484E-05
3.23284596511219E-05
3.0908247057691E-05
2.72118476417675E-05
2.36964503386312E-05
2.30088316703428E-05
2.07073729603628E-05
1.31738866008183E-05
1.31316091489851E-05
1.11173211682262E-05
8.60450616656366E-06
6.28083939267931E-06
6.28083939267931E-06
5.82618887317305E-06
5.2610412430152E-06
5.02988571303609E-06
4.56163718535018E-06
4.30205748465381E-06
3.71516319508249E-06
3.48775815977422E-06
3.32243702186465E-06
3.21644119983293E-06
3.21644119983293E-06
3.21644119983293E-06
3.21644119983293E-06
3.1948016193872E-06
3.1948016193872E-06
3.1948016193872E-06
3.09975376852294E-06
3.05700342322859E-06
3.05700342322859E-06
3.05625197366599E-06
3.05625197366599E-06
3.05625197366599E-06
3.01329192369373E-06
3.01329192369373E-06
3.01329192369373E-06
3.01329192369373E-06
3.01329192369373E-06
3.01329192369373E-06
3.01329192369373E-06
3.01329192369373E-06
3.01329192369373E-06
3.01329192369373E-06
3.01329192369373E-06
3.01329192369373E-06
3.01329192369373E-06
3.01329192369373E-06
3.01329192369373E-06
3.01329192369373E-06
3.01329192369373E-06
3.01329192369373E-06
3.01329192369373E-06
3.01329192369373E-06
3.01329192369373E-06
3.01329192369373E-06
3.01329192369373E-06
3.01329192369373E-06
3.01329192369373E-06
3.01329192369373E-06
3.01329192369373E-06
3.01329192369373E-06
3.01329192369373E-06
3.01329192369373E-06
3.01329192369373E-06
3.01329192369373E-06
3.01329192369373E-06
3.01329192369373E-06
3.01329192369373E-06
3.01329192369373E-06
3.01329192369373E-06
3.01329192369373E-06
3.01329192369373E-06
3.01329192369373E-06
3.01329192369373E-06
3.01329192369373E-06
3.01329192369373E-06
3.01329192369373E-06
3.01329192369373E-06
3.01329192369373E-06
3.01329192369373E-06
3.01329192369373E-06
3.01329192369373E-06
3.01329192369373E-06
3.01329192369373E-06
3.01329192369373E-06
3.01329192369373E-06
3.01329192369373E-06
3.01329192369373E-06
3.01329192369373E-06
3.01329192369373E-06
3.01329192369373E-06
3.01329192369373E-06
3.01329192369373E-06
3.01329192369373E-06
3.01329192369373E-06
3.01329192369373E-06
3.01329192369373E-06
3.01329192369373E-06
3.01329192369373E-06
3.01329192369373E-06
3.01329192369373E-06
3.01329192369373E-06
3.01329192369373E-06
3.01329192369373E-06
3.01329192369373E-06
3.01329192369373E-06
3.01329192369373E-06
3.01329192369373E-06
3.01329192369373E-06
3.01329192369373E-06
3.01329192369373E-06
3.01329192369373E-06
3.01329192369373E-06
3.01329192369373E-06
3.01329192369373E-06
3.01329192369373E-06
3.01329192369373E-06
3.01329192369373E-06
3.01329192369373E-06
3.01329192369373E-06
3.01329192369373E-06
3.01329192369373E-06
3.01329192369373E-06
3.01329192369373E-06
3.01329192369373E-06
3.01329192369373E-06
3.01329192369373E-06
3.01329192369373E-06
3.01329192369373E-06
3.01329192369373E-06
3.01329192369373E-06
3.01329192369373E-06
3.01329192369373E-06
3.01329192369373E-06
3.01329192369373E-06
3.01329192369373E-06
3.01329192369373E-06
3.01329192369373E-06
3.01329192369373E-06
3.01329192369373E-06
3.01329192369373E-06
3.01329192369373E-06
3.01329192369373E-06
3.01329192369373E-06
3.01329192369373E-06
3.01329192369373E-06
3.01329192369373E-06
3.01329192369373E-06
3.01329192369373E-06
3.01329192369373E-06
3.01329192369373E-06
3.01329192369373E-06
3.01329192369373E-06
3.01329192369373E-06
3.01329192369373E-06
3.01329192369373E-06
3.01329192369373E-06
3.01329192369373E-06
3.01329192369373E-06
3.01329192369373E-06
3.01329192369373E-06
3.01329192369373E-06
3.01329192369373E-06
3.01329192369373E-06
3.01329192369373E-06
3.01329192369373E-06
3.01329192369373E-06
3.01329192369373E-06
3.01329192369373E-06
3.01329192369373E-06
3.01329192369373E-06
3.01329192369373E-06
3.01329192369373E-06
3.01329192369373E-06
3.01329192369373E-06
3.01329192369373E-06
3.01329192369373E-06
3.01329192369373E-06
3.01329192369373E-06
3.01329192369373E-06
3.01329192369373E-06
3.01329192369373E-06
3.01329192369373E-06
3.01329192369373E-06
3.01329192369373E-06
3.01329192369373E-06
3.01329192369373E-06
3.01329192369373E-06
3.01329192369373E-06
3.01329192369373E-06
3.01329192369373E-06
3.01329192369373E-06
3.01329192369373E-06
3.01329192369373E-06
3.01329192369373E-06
3.01329192369373E-06
3.01329192369373E-06
3.01329192369373E-06
3.01329192369373E-06
3.01329192369373E-06
3.01329192369373E-06
3.01329192369373E-06
3.01329192369373E-06
3.01329192369373E-06
3.01329192369373E-06
3.01329192369373E-06
3.01329192369373E-06
3.01329192369373E-06
3.01329192369373E-06
3.01329192369373E-06
3.01329192369373E-06
3.01329192369373E-06
3.01329192369373E-06
3.01329192369373E-06
3.01329192369373E-06
3.01329192369373E-06
3.01329192369373E-06
3.01329192369373E-06
3.01329192369373E-06
3.01329192369373E-06
3.01329192369373E-06
3.01329192369373E-06
3.01329192369373E-06
3.01329192369373E-06
3.01329192369373E-06
3.01329192369373E-06
3.01329192369373E-06
3.01329192369373E-06
3.01329192369373E-06
3.01329192369373E-06
3.01329192369373E-06
3.01329192369373E-06
